firstname	commonname	surname	skintypecode	haircolorcode	facialhairtypecode	managerid	hairtypecode	headtypecode	height	seasonaloutfitid	weight	hashighqualityhead	gender	headassetid	ethnicity	faceposerpreset	teamid	eyebrowcode	eyecolorcode	personalityid	headclasscode	nationality	sideburnscode	headvariation	skintonecode	outfitid	hairstylecode	bodytypecode	facialhaircolorcode
Mikel	Mikel Arteta	Arteta Amatriain	2	1	6	45119	160	2016	175	5529	75	1	0	45119	4	2	1	1	9	0	0	45	0	0	4	5500	0	83	0
Dean		Smith	51	2	0	249224	114	1532	185	5509	75	1	0	249224	2	0	2	1	1	0	0	14	0	0	2	5510	0	86	1
			0	1	0	250608	16	1	185	5511	75	0	0	26542	2	0	3	0	3	0	0	14	0	0	2	5506	0	86	0
			0	1	0	257088	16	1	191	5511	75	0	0	26539	2	0	4	0	1	0	0	14	0	0	2	5510	0	86	0
Thomas	Thomas Tuchel	Tuchel	2	5	6	250585	114	2000	192	5511	75	1	0	1397	2	2	5	1	1	1	0	21	0	1	2	5506	0	86	3
Rafael	Rafa Benítez	Benítez Maudes	51	3	12	233859	290	33	175	5538	75	1	0	233859	3	0	7	6	5	0	0	45	0	0	3	5514	0	83	0
Marcelo		Bielsa	51	9	6	249979	290	2007	184	5511	75	0	0	249979	3	0	8	0	6	1	0	52	0	0	3	5520	0	83	3
Jürgen		Klopp	51	5	8	232302	111	2024	193	5509	70	1	0	232302	2	0	9	0	1	1	0	21	0	0	4	5526	0	85	3
Josep	Pep Guardiola	Guardiola i Sala	2	6	4	169894	43	5	180	5509	73	1	0	169894	3	0	10	0	4	1	0	45	0	0	4	5569	0	81	2
Erik	Ten Hag	Ten Hag	51	9	0	262176	106	4001	178	5544	75	1	0	26542	2	0	11	0	8	0	0	34	0	0	2	5572	0	83	3
			0	1	0	245236	16	1	175	5511	81	0	0	26542	2	0	12	0	3	1	0	14	0	0	2	5510	0	83	0
Steve		Bruce	51	9	0	234530	189	34	183	5511	75	1	0	234530	2	0	13	0	8	0	0	14	0	0	2	5510	0	83	3
			0	1	0	240488	16	1	170	5558	67	0	0	26547	2	0	14	0	3	0	0	25	0	0	8	5507	0	89	0
			0	1	0	250024	16	1	183	5511	75	0	0	26538	2	0	15	0	2	0	0	14	0	0	1	5520	0	83	0
Ralph		Hasenhüttl	2	6	8	150527	176	2	191	5510	92	1	0	150527	2	0	17	6	1	1	0	4	0	0	3	5510	0	86	1
Antonio 	Antonio Conte	Conte	2	9	18	250187	290	2505	188	5509	75	0	0	26541	6	0	18	0	9	1	0	38	0	0	6	5506	0	86	2
David		Moyes	51	9	0	235732	22	3500	185	5511	79	1	0	235732	2	0	19	6	8	0	0	42	0	0	3	5551	0	86	1
			0	1	0	249812	16	1	189	5511	75	0	0	26541	2	3	21	0	6	0	0	21	0	0	1	5522	0	86	0
			0	3	6	50999	75	4000	187	5527	83	0	0	26540	2	3	22	0	1	1	0	21	0	0	2	5520	0	85	0
			0	1	0	248898	16	1	184	5509	75	0	0	26544	2	0	23	0	9	0	0	4	0	0	3	5566	0	83	0
			0	1	0	249127	16	1	181	5557	75	0	0	26542	2	0	25	0	3	1	0	21	0	0	2	5551	0	83	0
			2	9	16	249658	154	1501	185	5511	75	0	0	26543	2	0	27	0	7	0	0	21	0	0	2	5506	0	86	2
			0	1	0	250590	16	1	193	5555	75	0	0	26542	2	0	28	0	3	1	0	21	0	0	2	5522	0	86	0
Marco		Antwerpen	51	9	0	249992	0	2510	190	5511	75	0	0	249992	2	0	29	2	1	0	0	21	0	0	2	5506	0	86	3
			0	6	6	650	16	9	178	5566	77	0	0	26539	2	0	31	0	1	1	0	21	0	0	2	5566	0	82	3
			2	3	0	138420	30	2512	172	5560	83	0	0	26541	2	3	32	0	6	0	0	47	0	0	1	5580	0	88	3
Michael		Köllner	51	6	0	250083	154	4004	180	5511	75	0	0	250083	2	0	33	0	1	0	0	21	0	0	2	5551	0	83	0
			2	1	6	7379	22	2503	179	5544	78	0	0	26543	2	0	34	0	7	0	0	22	0	0	2	5504	0	82	0
			0	1	0	254885	16	1	198	5509	75	0	0	26540	2	3	36	0	1	0	0	95	0	0	2	5522	0	86	0
			0	1	0	42601	16	1	171	5511	69	0	0	26540	2	3	38	0	1	1	0	21	0	0	2	5566	0	89	0
Simone		Inzaghi	2	1	16	7728	111	1526	185	5548	82	0	0	7728	2	0	44	0	3	1	0	27	0	0	2	5580	0	84	0
Stefano		Pioli	51	9	8	250527	0	1519	183	5500	75	1	0	13128	2	2	47	6	9	0	0	27	0	1	2	5523	0	83	0
			0	1	0	249931	16	1	180	5529	75	0	0	26544	2	0	48	0	9	1	0	27	0	0	3	5517	0	83	0
Enzo		Maresca	2	1	8	263428	0	2004	180	5551	75	0	0	263428	2	0	50	0	9	0	0	27	0	0	2	5551	0	83	2
Ivan		Jurić	2	1	6	155191	59	1518	174	5551	67	0	0	155191	2	0	54	0	5	1	0	10	0	0	2	5566	0	88	0
Luca		Gotti	51	9	4	254661	77	1526	188	5535	75	0	0	254661	3	0	55	0	6	0	0	27	0	0	3	5502	0	86	0
			0	1	0	249654	16	1	187	5505	75	0	0	26537	2	0	57	0	1	0	0	18	0	0	1	5505	0	86	0
			0	1	0	250055	16	1	181	5506	75	0	0	26544	2	0	58	0	9	0	0	18	0	0	3	5522	0	83	0
			0	1	0	241152	16	1	190	5536	90	0	0	26537	2	0	59	0	1	0	0	8	0	0	1	5575	0	86	0
			0	1	0	262532	16	1	183	5510	75	0	0	26539	2	0	62	0	1	0	0	18	0	0	2	5506	0	83	0
			0	1	0	116880	16	1	179	5500	76	0	0	26543	2	0	64	0	7	0	0	18	0	0	2	5500	0	83	0
			0	1	0	30193	16	1	183	5557	77	0	0	26543	2	0	65	0	7	0	0	18	0	0	2	5508	0	83	0
			0	1	0	250295	16	1	175	5527	75	0	0	26544	2	0	66	0	9	0	0	34	0	0	3	5566	0	83	0
			51	1	0	249434	0	1500	183	5509	75	0	0	26538	2	0	68	0	2	1	0	18	0	0	1	5523	0	83	0
			0	1	6	3800	16	16	176	5528	72	0	0	26541	2	3	69	0	6	0	0	10	0	0	1	5567	0	82	2
			0	1	0	250197	16	1	177	5507	75	0	0	26540	2	3	70	0	1	0	0	18	0	0	2	5567	0	83	0
			0	1	0	249003	16	1	185	5500	75	0	0	26545	2	2	71	0	9	1	0	18	0	0	8	5500	0	86	0
			0	1	0	249131	16	1	176	5509	75	0	0	26543	2	0	72	0	7	1	0	18	0	0	2	5534	0	83	0
			51	3	6	8885	174	1521	182	5530	81	0	0	26543	2	0	73	0	7	0	0	52	0	0	2	5501	0	83	0
			0	1	0	249073	16	1	172	5511	75	0	0	26539	2	0	74	0	1	0	0	18	0	0	2	5520	0	89	0
			0	1	0	249814	16	1	183	5520	75	0	0	26541	2	3	76	0	6	0	0	18	0	0	1	5520	0	83	0
Stephen		Glass	2	1	6	257545	189	2029	175	5545	75	0	0	257545	2	0	77	0	5	0	0	42	0	0	2	5575	0	83	0
Ange		Postecoglou	51	9	4	220812	182	2007	184	5511	75	0	0	220812	3	0	78	0	4	0	0	195	0	0	3	5510	0	83	0
			0	1	0	257988	16	1	178	5515	75	0	0	26543	2	0	80	0	7	0	0	161	0	0	2	5566	0	83	0
Jack		Ross	2	1	6	51383	189	1508	185	5529	72	0	0	51383	2	0	81	0	1	0	0	42	0	0	2	5504	0	85	0
Graham		Alexander	2	3	4	101999	118	2029	178	5529	76	0	0	101999	2	0	83	2	6	0	0	42	0	0	2	5504	0	82	0
Steven		Gerrard	2	5	6	262054	118	1505	183	5538	75	1	0	13743	2	2	86	0	6	0	0	14	0	2	2	5517	0	83	2
			2	5	0	2062	37	2012	175	5544	69	0	0	26540	2	3	88	2	1	0	0	14	0	0	2	5504	0	82	3
			0	1	0	250173	16	1	185	5546	75	0	0	26537	2	0	89	0	1	0	0	14	0	0	1	5504	0	86	0
			0	1	0	260112	16	1	176	5511	75	0	0	26539	2	0	91	0	1	0	0	14	0	0	2	5510	0	83	0
			0	1	0	250255	16	1	180	5506	75	0	0	26544	2	0	94	0	9	1	0	14	0	0	3	5522	0	83	0
Brendan		Rodgers	2	5	0	249063	150	2012	170	5539	75	1	0	249063	2	3	95	0	7	0	0	35	0	0	3	5579	0	89	1
			0	1	0	51337	16	1	183	5511	81	0	0	26541	2	3	97	0	6	0	0	14	0	0	1	5510	0	83	0
			0	3	6	11785	16	2004	168	5544	66	0	0	26543	2	0	106	0	7	0	0	14	0	0	2	5575	0	88	2
			2	3	7	45367	21	3004	191	5557	83	0	0	26547	4	0	109	0	3	1	0	18	0	0	8	5508	0	85	2
Bruno Miguel	Bruno Lage	Silva do Nascimento	2	1	6	249078	165	2516	190	5509	75	1	0	249078	3	0	112990	1	4	0	0	38	0	0	4	5506	0	86	0
			0	1	0	63014	16	1	180	5500	75	0	0	26537	2	0	111	0	1	1	0	14	0	0	1	5500	0	86	0
			0	1	0	63015	16	1	180	5500	75	0	0	26537	2	0	112	0	1	1	0	14	0	0	1	5500	0	86	0
			2	5	6	100707	16	3502	191	5509	82	0	0	26541	2	3	121	0	6	0	0	205	0	0	1	5504	0	85	2
			0	1	0	250540	16	1	185	5511	75	0	0	26543	2	0	127	0	7	1	0	14	0	0	2	5578	0	86	0
			2	6	6	119834	65	2016	175	5511	72	0	0	26539	2	0	142	0	1	0	0	14	0	0	2	5504	0	83	2
			0	5	6	188200	31	2012	180	5511	70	0	0	26543	2	0	143	2	7	0	0	14	0	0	2	5533	0	82	2
			0	1	0	178609	16	1	180	5530	75	0	0	26543	2	0	144	0	7	0	0	38	0	0	2	5506	0	83	0
			2	6	6	250077	117	1517	175	5511	75	0	0	26539	2	0	149	0	1	0	0	14	0	0	2	5510	0	83	3
			0	1	0	249421	16	1	182	5527	75	0	0	26540	2	3	159	0	1	0	0	21	0	0	2	5510	0	83	0
			0	1	0	253183	16	1	183	5527	75	0	0	26543	2	0	160	0	7	0	0	21	0	0	2	5522	0	83	0
			2	3	6	102133	16	2	178	5511	72	0	0	26540	2	3	165	0	1	0	0	21	0	0	2	5569	0	82	2
			0	3	0	3492	16	3505	179	5557	83	0	0	26541	2	3	166	0	6	0	0	23	0	0	1	5551	0	82	2
			0	1	0	260230	16	1	190	5509	75	0	0	26540	2	3	169	0	1	0	0	13	0	0	2	5566	0	86	0
			0	1	0	257577	16	1	183	5509	75	0	0	26543	2	0	171	0	7	0	0	21	0	0	2	5553	0	83	0
			2	1	6	19765	22	16	187	5560	86	0	0	26543	2	0	175	2	7	0	0	34	0	0	2	5504	0	85	0
			0	1	0	250695	16	1	182	5506	75	0	0	26546	2	0	180	0	9	0	0	155	0	0	3	5506	0	83	0
Thomas		Courts	2	1	14	262594	188	4001	183	5511	75	0	0	262594	2	0	181	0	1	1	0	42	0	0	2	5510	0	83	0
Siniša		Mihajlović	2	9	4	250510	26	4006	185	5509	75	0	0	250510	2	0	189	6	3	0	0	51	0	0	2	5517	0	86	0
Matthias		Jaissle	2	6	4	263026	176	4001	186	5511	75	0	0	263026	2	0	191	6	3	1	0	21	0	0	2	5520	0	86	3
Paolo		Zanetti	2	5	8	251109	77	17	184	5539	75	0	0	251109	1	0	205	0	3	0	0	27	0	0	1	5522	0	83	2
Eusebio		Di Francesco	2	6	8	1212	141	2000	178	5529	71	0	0	1212	2	0	206	0	3	1	0	27	0	0	2	5514	0	83	3
Christian		Ilzer	51	1	8	249125	0	7	183	5557	75	0	0	249125	3	0	209	0	6	1	0	4	0	0	3	5508	0	83	0
			0	1	0	250533	16	1	170	5557	75	0	0	26540	2	3	210	0	1	0	0	18	0	0	2	5523	0	89	0
Damir		Krznar	51	1	6	261458	26	3507	177	5552	75	0	0	261458	2	0	211	0	3	0	0	10	0	0	2	5522	0	83	0
			0	1	0	249132	16	1	176	5509	75	0	0	26540	2	3	217	0	1	0	0	18	0	0	2	5523	0	83	0
			0	1	0	249722	16	1	165	5510	75	0	0	26538	2	0	219	0	2	1	0	52	0	0	1	5567	0	89	0
			0	1	0	250245	16	1	174	5511	75	0	0	26538	2	0	224	0	2	0	0	18	0	0	1	5510	0	89	0
			2	1	0	8753	1	4502	177	5557	71	0	0	26545	9	2	226	0	9	0	0	136	0	0	8	5565	0	82	0
			2	1	11	139730	0	1007	190	5558	75	1	0	26545	6	0	229	1	3	0	0	7	0	0	6	5534	0	5	0
Brian		Priske	2	9	4	252928	65	2024	188	5529	75	0	0	252928	2	0	230	0	3	1	0	13	0	0	2	5514	0	86	1
Philippe		Clement	51	2	8	8834	26	1517	191	5509	87	0	0	8834	2	0	231	0	1	0	0	7	0	0	2	5508	0	85	1
Mbaye		Leye	2	1	1	260170	194	1005	182	5511	75	0	0	260170	9	0	232	6	9	0	0	136	0	0	9	5522	0	83	0
			51	9	0	249755	9	36	175	5511	75	0	0	26540	2	2	234	6	3	1	0	38	0	1	3	5507	0	83	0
Sérgio Paulo	Sérgio Conceição	Conceição	2	1	8	7854	115	2505	176	5555	75	1	0	7854	4	3	236	0	3	1	0	38	0	0	4	5504	0	83	0
Rúben Filipe	Rúben Amorim	Marques Amorim	2	1	8	254801	220	1533	180	5509	75	0	0	254801	4	0	237	1	3	0	0	38	0	0	4	5506	0	83	0
Diego		Simeone	51	3	4	5571	446	1526	177	5509	77	1	0	5571	3	0	240	0	6	1	0	52	0	0	4	5500	0	81	0
Xavier Hernández 	Xavier Hernández 	Creus	51	2	0	10535	641	2007	181	5558	78	1	0	10535	1	0	241	0	2	0	0	34	0	0	1	5534	0	83	1
Carlo		Ancelotti	51	9	0	237388	177	2502	179	5529	75	1	0	237388	3	0	243	0	8	0	0	27	0	0	3	5502	0	82	0
Juan Ignacio	Martínez	Martínez Jiménez	51	9	6	249801	182	2008	176	5558	75	0	0	249801	3	0	244	0	3	0	0	45	0	0	3	5505	0	83	0
Alfred	Alfred Schreuder	Schreuder	0	1	0	249329	16	1	182	5541	75	0	0	26538	2	0	245	0	2	0	0	34	0	0	1	5524	0	83	0
			0	1	0	250808	16	1	184	5547	75	0	0	26538	2	0	246	0	2	0	0	34	0	0	1	5534	0	83	0
			0	1	0	250418	16	1	188	5555	75	0	0	26540	2	3	247	0	1	1	0	21	0	0	2	5553	0	86	0
Dominik		Thalhammer	51	9	0	257251	92	3508	185	5529	75	0	0	257251	2	0	252	1	2	0	0	4	0	0	2	5525	0	86	3
Dietmar		Kühbauer	51	9	0	50182	17	5	173	5527	73	0	0	50182	2	0	254	6	3	1	0	4	0	0	2	5522	0	88	1
Manfred		Schmid	51	9	6	262712	636	25	175	5551	75	0	0	262712	1	0	256	6	6	0	0	4	0	0	1	5524	0	83	0
Luis Miguel	Ramis	Ramis Monfort	51	3	6	249953	632	2507	190	5527	75	0	0	249953	2	0	260	0	3	1	0	45	0	0	2	5506	0	86	0
Jens		Gustafsson	51	3	6	249657	189	4005	182	5548	75	0	0	249657	2	0	263	1	6	0	0	46	0	0	2	5501	0	83	2
Jindřich		Trpišovský	51	1	4	249675	290	12	180	5520	75	0	0	249675	2	0	266	1	1	0	0	12	0	0	2	5520	0	83	0
Pavel		Vrba	51	6	4	250271	150	2016	176	5535	75	0	0	250271	3	0	267	1	3	0	0	12	0	0	3	5534	0	83	3
Niels		Frederiksen	51	9	6	250172	290	2000	188	5511	75	0	0	250172	1	0	269	0	2	0	0	13	0	0	1	5504	0	86	1
Kent		Nielsen	51	9	0	249849	154	4008	192	5511	75	0	0	249849	1	0	270	1	1	0	0	13	0	0	1	5567	0	86	1
David		Nielsen	2	1	18	101981	25	1024	183	5511	75	0	0	101981	6	0	271	0	9	1	0	13	0	0	6	5551	0	82	0
Andreas		Alm	2	1	8	41487	297	3	180	5529	80	0	0	41487	1	0	272	0	3	0	0	46	0	0	1	5512	0	83	0
Vladan		Milojević	2	1	0	256165	63	2024	182	5527	75	0	0	256165	4	0	278	2	6	0	0	51	0	0	4	5569	0	83	0
Pedro Rui	Pedro Martins	Vieira Martins	51	2	4	250282	111	18	178	5527	75	0	0	250282	3	0	280	0	3	1	0	38	0	0	3	5551	0	83	0
			0	1	0	251099	16	1	174	5509	75	0	0	26538	2	0	294	0	2	0	0	18	0	0	1	5526	0	89	0
Åge		Hareide	51	9	0	248910	93	2008	180	5544	75	0	0	248910	2	0	298	6	3	0	0	36	0	0	2	5551	0	83	1
			0	9	0	270136	95	1	177	5527	75	0	0	20633	2	0	299	1	3	1	0	54	0	0	2	5585	0	83	0
			0	9	0	270135	95	3501	177	5527	75	0	0	26543	2	0	300	1	3	1	0	54	0	0	2	5585	0	83	0
			0	9	0	270126	95	1	177	5527	75	0	0	26542	2	0	305	1	3	1	0	54	0	0	2	5585	0	83	0
			0	9	0	270127	95	1	177	5527	75	0	0	26544	2	0	306	1	3	1	0	54	0	0	2	5585	0	83	0
Laurențiu		Reghecampf	51	9	8	249891	183	30	174	5551	75	0	0	249891	2	0	308	1	3	1	0	39	0	0	2	5566	0	89	1
			0	1	0	249679	16	1	179	5509	75	0	0	26546	2	0	310	0	9	0	0	155	0	0	3	5569	0	83	0
Alexey		Berezutskiy	2	5	6	263717	114	9	190	5511	75	0	0	263717	2	0	315	1	1	1	0	40	0	0	2	5566	0	86	3
Mikael		Stahre	51	5	6	250109	167	5	176	5510	75	0	0	250109	1	0	319	0	2	0	0	46	0	0	1	5507	0	83	0
Jon Dahl		Tomasson	2	5	0	254883	155	3	182	5511	75	0	0	254883	2	0	320	0	1	0	0	13	0	0	2	5520	0	83	1
Magnus		Haglund	51	0	8	249962	290	30	185	5548	75	0	0	249962	1	0	321	0	2	0	0	46	0	0	1	5507	0	86	1
Giorgio		Contini	51	1	8	144096	0	2510	175	5527	70	0	0	144096	5	0	322	1	4	0	0	47	0	0	5	5523	0	83	2
Alain		Geiger	51	6	6	252441	59	2502	180	5557	75	0	0	252441	2	0	324	1	3	0	0	47	0	0	2	5523	0	83	1
Fatih		Terim	51	9	0	183635	26	2515	172	5532	75	0	0	183635	4	0	325	0	3	1	0	48	0	0	4	5507	0	87	0
Jorge Fernando	Jorge Jesus	Pinheiro de Jesus	51	9	0	249725	9	36	175	5511	75	1	0	250	2	2	113307	6	3	1	0	38	0	1	3	5507	0	83	0
Sergen		Yalçın	51	6	10	250477	150	2512	176	5527	75	0	0	250477	3	0	327	0	1	1	0	48	0	0	3	5568	0	83	0
Marco		Baroni	51	9	12	249993	116	1	185	5532	75	0	0	249993	1	0	347	1	9	0	0	27	0	0	1	5567	0	86	0
			0	1	0	250536	16	1	173	5560	75	0	0	26543	2	0	357	0	7	0	0	35	0	0	2	5504	0	89	0
			0	1	0	255945	16	1	191	5511	75	0	0	26540	2	3	361	0	1	0	0	14	0	0	2	5510	0	86	0
			0	1	0	250092	16	1	180	5511	75	0	0	26538	2	0	378	0	2	1	0	3	0	0	1	5525	0	83	0
			0	1	0	250213	16	1	184	5558	75	0	0	26540	2	3	379	0	1	0	0	45	0	0	2	5578	0	83	0
			0	1	0	250016	16	1	173	5511	75	0	0	26541	2	3	381	0	6	0	0	14	0	0	1	5566	0	89	0
Abel	Abel Ferreira	Ferreira	0	1	0	17880	16	1	180	5563	75	1	0	7826	2	2	383	0	1	1	0	38	0	1	3	900002	0	86	0
Răzvan		Lucescu	51	9	16	250354	141	2	179	5529	75	0	0	250354	3	0	393	0	6	1	0	39	0	0	3	5578	0	83	0
Erling		Moe	51	3	0	249331	234	3516	180	5511	75	0	0	249331	2	0	417	6	1	0	0	36	0	0	2	5506	0	83	0
			0	9	0	270137	95	1	177	5527	75	0	0	26540	2	0	418	1	3	1	0	54	0	0	2	5585	0	83	0
Jan		Urban	51	6	0	249636	122	11	179	5513	75	0	0	249636	2	0	420	1	9	0	0	37	0	0	2	5513	0	83	0
			0	9	0	270128	95	1533	177	5527	75	0	0	26538	2	0	423	1	3	1	0	54	0	0	2	5585	0	83	0
Bartosz		Grzelak	2	6	4	257632	191	2016	173	5509	75	0	0	257632	1	0	433	0	1	0	0	46	0	0	1	5569	0	89	3
Abdullah		Avcı	51	9	6	248886	72	1526	178	5562	75	0	0	248886	3	0	436	1	3	0	0	48	0	0	3	5505	0	83	0
			0	9	0	270129	95	1518	177	5527	75	0	0	26537	2	0	445	1	3	1	0	54	0	0	2	5585	0	83	0
Marcelino	Marcelino	García Toral	51	3	6	241611	78	1526	170	5560	73	1	0	241611	2	0	448	0	4	1	0	45	0	0	2	5514	0	89	0
Manuel		Pellegrini	51	9	6	168384	162	1509	184	5545	80	0	0	168384	4	0	449	0	2	0	0	55	0	0	4	5516	0	83	0
			2	1	4	4	179	1506	178	5558	73	0	0	138814	4	0	450	0	3	1	1	52	0	0	4	5508	0	82	0
Vicente	Vicente Moreno	Moreno Peris	2	1	8	113071	114	2512	188	5514	81	0	0	113071	3	0	452	0	3	0	0	45	0	0	3	5514	0	85	0
Luis	Luis García	García Plaza	51	1	6	249939	636	22	180	5579	75	0	0	249939	3	0	453	0	3	1	0	45	0	0	3	5515	0	83	0
Imanol	Imanol Alguacil	Alguacil	51	9	6	249601	138	39	187	5513	75	0	0	249601	4	0	457	0	9	0	0	45	0	0	4	5523	0	86	0
David	David Gallego	Gallego Rodríguez	2	1	8	113162	77	2	165	5535	64	0	0	113162	2	0	459	0	4	0	0	45	0	0	2	5504	0	89	0
Genaro	Gattuso	Gattuso	2	1	20	249735	635	34	180	5500	75	0	0	249735	3	0	461	0	9	0	0	45	0	0	3	5508	0	83	0
Juan José	Pacheta	Rojo Martín	2	9	6	249805	291	2507	184	5558	75	0	0	249805	4	0	462	0	3	1	0	45	0	0	4	5520	0	83	0
Javier	Javier Calleja	Calleja Revilla	51	1	6	45490	174	1519	171	5513	76	1	0	45490	2	3	463	0	4	0	0	45	0	0	2	5534	0	88	0
Gaizka	Gaizka Garitano	Garitano Aguirre	2	9	6	113348	150	1519	184	5511	76	0	0	113348	2	0	467	1	3	0	0	45	0	0	2	5552	0	82	0
Francisco	Fran Escribá	Escribá Segura	51	9	0	249399	188	4003	170	5501	75	0	0	249399	4	0	468	0	3	0	0	45	0	0	4	5534	0	89	0
José	Pepe Mel	Mel Pérez	51	9	0	249739	26	2029	179	5518	75	0	0	249739	3	0	472	0	3	1	0	45	0	0	3	5518	0	83	3
Jagoba	Jagoba Arrasate	Arrasate Elustondo	2	5	6	172720	150	33	169	5558	72	0	0	172720	2	0	479	1	4	0	0	45	0	0	2	5534	0	89	2
Andoni	Iraola	Iraola Sagarna	0	1	6	251637	160	3	182	5505	75	0	0	251637	2	0	480	0	9	0	0	45	0	0	2	5523	0	83	0
Julen	Julen Lopetegui	Lopetegui Argote	2	6	6	243874	292	49	187	5511	77	1	0	243874	2	4	481	0	5	0	0	45	0	0	3	5510	0	86	0
Unai	Unai Emery	Emery Etxegoien	2	1	0	237389	182	3513	181	5541	75	1	0	237389	4	0	483	0	4	1	0	45	0	0	4	5512	0	81	0
			0	1	0	263800	16	1	180	5506	75	0	0	26541	2	3	485	0	6	0	0	21	0	0	1	5569	0	83	0
Daniel		Scherning	51	9	6	262810	0	2508	189	5527	75	0	0	262810	2	0	487	0	1	0	0	21	0	0	2	5521	0	86	0
Rüdiger		Rehm	2	3	6	109317	35	2017	184	5527	74	0	0	109317	2	0	492	2	3	1	0	21	0	0	2	5552	0	82	2
			51	9	6	252766	0	6	187	5511	75	0	0	26538	2	0	503	2	2	0	0	21	0	0	1	5566	0	86	1
			0	1	0	270146	16	1	187	5511	75	0	0	26541	2	3	506	0	6	1	0	6	0	0	1	5506	0	86	0
Uwe		Koschinat	51	3	0	250627	167	2007	178	5527	75	0	0	250627	2	0	523	6	1	1	0	21	0	0	2	5566	0	83	1
			0	1	0	251583	16	1	180	5532	75	0	0	26543	2	0	543	0	7	0	0	8	0	0	2	5567	0	83	0
			2	6	6	102001	16	7	185	5509	74	0	0	26541	2	3	561	0	6	0	0	50	0	0	1	5510	0	84	3
Liam		Buckley	51	5	0	249915	122	3500	173	5511	75	0	0	249915	2	0	563	0	1	0	0	25	0	0	2	5510	0	89	1
Fernando	Fernando Diniz	Diniz	0	1	0	248891	16	1	180	5551	75	1	0	7289	2	2	567	0	1	1	0	54	0	2	3	900006	0	86	0
José Alberto	José Alberto	López Menéndez	2	9	4	249745	0	1521	175	5558	75	0	0	249745	3	0	573	6	3	0	0	45	0	0	3	5504	0	83	0
			0	1	0	253394	16	1	181	5552	75	0	0	26543	2	0	576	0	7	0	0	21	0	0	2	5552	0	83	0
Rogerio	Rogerio ceni	Ceni	0	1	0	270015	16	1	180	5563	75	1	0	27000	2	2	598	0	1	1	0	54	0	0	3	900001	0	86	0
Paulo		Pezzolano	2	1	8	253719	186	525	185	5550	75	1	0	190049	4	2	605	0	5	0	0	60	0	1	4	5550	0	86	0
Claudinei		Oliveira	51	1	3	270155	167	5	186	5563	75	1	0	26541	5	2	607	0	3	0	1	54	0	0	5	5568	0	86	0
			0	1	0	250201	16	1	182	5554	75	0	0	26538	2	0	614	0	2	1	0	18	0	0	1	5554	0	83	0
			0	9	0	270125	95	1	177	5527	75	0	0	26537	2	0	621	1	3	1	0	54	0	0	2	5585	0	83	0
Malky		Mackay	51	3	0	101883	72	2503	188	5555	90	0	0	101883	2	0	631	0	5	1	0	42	0	0	2	5501	0	85	2
			0	1	0	251097	16	1	180	5509	75	0	0	26541	2	3	634	0	6	0	0	34	0	0	1	5520	0	83	0
			0	1	0	249553	16	1	175	5511	75	0	0	26542	2	0	647	0	3	0	0	34	0	0	2	5504	0	83	0
Edward		Still	1	12	8	262232	77	2000	185	5510	75	0	0	262232	2	0	670	2	1	0	0	7	0	0	2	5569	0	86	4
John		van den Brom	2	4	0	249703	114	1504	191	5555	75	0	0	249703	2	0	673	6	2	0	0	34	0	0	2	5505	0	86	1
Hein		Vanhaezebrouck	51	0	0	249547	121	4007	189	5557	75	0	0	249547	2	0	674	6	1	1	0	7	0	0	2	5507	0	86	1
			0	9	0	270169	95	1	177	5527	75	0	0	26537	2	0	675	1	3	1	0	54	0	0	2	5585	0	83	0
Bernd		Hollerbach	2	0	4	699	167	2003	177	5555	82	0	0	699	2	0	680	0	3	0	0	21	0	0	2	5533	0	83	2
Alexander		Blessin	2	6	0	256828	167	2508	191	5506	75	0	0	256828	3	0	682	0	1	0	0	21	0	0	3	5522	0	86	2
			0	1	0	249083	16	1	175	5530	75	0	0	26541	2	3	687	0	6	0	0	95	0	0	1	5517	0	83	0
			0	1	0	256480	16	1	172	5511	75	0	0	26543	2	0	688	0	7	1	0	52	0	0	2	5506	0	89	0
			0	1	0	251656	16	1	172	5533	75	0	0	26538	2	0	689	0	2	0	0	4	0	0	1	5520	0	89	0
			0	1	0	249071	16	1	183	5502	75	0	0	26544	2	0	691	0	9	0	0	95	0	0	3	5503	0	83	0
			0	1	6	6789	75	1	182	5530	75	0	0	26543	2	0	693	0	7	0	0	47	0	0	2	5515	0	82	0
			0	1	0	253731	16	1	185	5558	75	0	0	26545	2	2	694	0	9	0	0	95	0	0	8	5526	0	86	0
			0	1	0	167341	16	1	173	5552	72	0	0	26543	2	0	695	0	7	0	0	95	0	0	2	5504	0	89	0
			0	1	0	250306	16	1	185	5531	75	0	0	26538	2	0	696	0	2	1	0	95	0	0	1	5502	0	86	0
			1	3	0	17744	25	2001	180	5531	78	0	0	26541	2	3	697	0	6	0	0	95	0	0	1	5523	0	82	2
			0	1	0	257064	16	1	170	5511	75	0	0	26540	2	3	698	0	1	1	0	60	0	0	2	5506	0	89	0
Jimmy		Thelin	2	6	8	249671	155	16	180	5528	75	0	0	249671	1	0	700	0	1	0	0	46	0	0	1	5569	0	83	2
Rikard		Norling	51	9	6	250386	190	2016	185	5529	75	0	0	250386	1	0	702	0	1	1	0	46	0	0	1	5590	0	86	0
Vítor Hugo	Vítor Gazimba	Brito Gazimba	0	3	8	262596	92	34	181	5511	75	0	0	262596	2	0	705	0	9	0	0	38	0	0	2	5520	0	83	0
Milos		Milojevic	2	6	0	254250	108	2016	175	5521	75	0	0	254250	2	0	708	1	3	0	0	51	0	0	2	5522	0	83	2
Kim		Bergstrand	51	6	0	249857	161	4006	180	5511	75	0	0	249857	2	0	710	0	2	0	0	46	0	0	2	5506	0	83	1
Per-Mathias		Høgmo	51	9	6	250286	26	3516	179	5511	75	0	0	250286	2	0	711	6	1	1	0	36	0	0	2	5524	0	83	0
Ersun		Yanal	51	9	6	249339	291	1500	178	5511	75	0	0	249339	3	0	741	0	5	0	0	48	0	0	3	5503	0	83	0
Marc		Bircham	51	5	6	262196	65	2517	180	5529	75	0	0	262196	2	0	753	6	1	1	0	70	0	0	2	5510	0	83	3
Andreas		Heraf	51	6	0	248984	160	2517	176	5520	75	0	0	248984	2	0	780	6	1	0	0	4	0	0	2	5520	0	83	1
Jess		Thorup	51	9	0	17455	290	2	190	5511	83	0	0	17455	1	0	819	0	1	0	0	13	0	0	1	5506	0	86	1
Martí	Martí Cifuentes	Cifuentes Corvillo	2	9	4	250029	17	3	178	5529	75	0	0	250029	3	0	820	0	3	1	0	45	0	0	3	5586	0	83	0
Carit		Falch	2	5	8	260116	65	33	176	5557	75	0	0	260116	1	0	822	0	8	1	0	13	0	0	1	5526	0	83	0
Vinny		Perth	0	3	0	149751	22	3504	182	5511	77	0	0	149751	2	0	837	0	1	0	0	25	0	0	2	5505	0	83	3
Maciej		Skorża	51	9	0	249961	195	2029	188	5509	75	0	0	249961	2	0	873	0	9	1	0	37	0	0	2	5507	0	86	0
André		Breitenreiter	51	5	0	248972	114	2508	182	5509	75	0	0	248972	2	0	894	6	6	0	0	21	0	0	2	5551	0	83	3
Patrick		Rahmen	51	5	6	261702	114	4006	183	5509	75	0	0	261702	2	0	896	0	4	0	0	47	0	0	2	5520	0	83	3
Fabio		Celestini	51	9	6	117321	16	3002	183	5511	83	0	0	117321	4	0	897	0	3	0	0	47	0	0	4	5565	0	82	0
Peter		Zeidler	51	1	0	250308	0	2501	184	5555	75	0	0	250308	2	0	898	6	1	1	0	21	0	0	2	5569	0	83	0
David		Wagner	51	1	4	240199	552	1528	183	5527	78	1	0	240199	4	3	900	0	5	1	0	95	0	0	3	5552	0	83	0
Eirik		Kjønø	0	5	16	263195	154	29	180	5551	75	0	0	263195	1	0	917	1	1	0	0	36	0	0	1	5551	0	83	0
Kjetil		Knutsen	51	9	0	249860	155	2030	182	5511	75	0	0	249860	3	0	918	0	3	0	0	36	0	0	3	5506	0	83	3
Eirik		Horneland	51	3	4	249307	101	33	180	5511	75	0	0	249307	1	0	919	1	1	0	0	36	0	0	1	5520	0	83	2
			0	9	0	270134	95	2510	177	5527	75	0	0	26544	2	0	920	1	3	1	0	54	0	0	2	5585	0	83	0
Bjørn Petter		Ingebretsen	51	9	6	249058	150	30	185	5511	75	0	0	249058	2	0	922	0	3	0	0	36	0	0	2	5551	0	86	0
Nam Il	Kim Nam Il	Kim	1	1	0	254805	143	518	180	5505	75	0	0	254805	4	0	981	0	3	1	0	167	0	0	4	5505	0	83	2
Jin Sub	Park Jin Sub	Park	1	1	0	136246	150	548	177	5536	68	0	0	136246	4	0	982	2	3	1	0	167	0	0	4	5582	0	81	0
Eduardo		Baptista	1	1	0	270048	118	514	182	5578	75	0	0	26544	4	0	983	1	9	0	0	54	0	0	4	5582	0	83	0
Paolo		Montero	0	3	6	5394	16	4002	179	5527	74	0	0	5394	2	0	1013	1	3	1	0	60	0	0	2	5522	0	82	0
Javier		Aguirre	51	9	0	192945	105	3506	173	5511	75	0	0	192945	3	0	1032	0	3	1	0	83	0	0	3	5505	0	88	0
Eduardo		Coudet	2	1	4	138814	179	1	178	5558	73	1	0	1109	4	0	1035	0	3	1	0	52	0	1	4	900007	0	82	0
Paulo		Turra	0	1	0	271346	141	1035	180	5563	75	1	0	271346	2	2	1039	0	1	1	1	54	0	0	3	900011	0	89	0
Fernando		Lázaro	0	1	0	271345	16	1	180	5563	75	1	0	214098	2	2	1041	0	1	1	0	54	0	1	6	900003	0	86	0
Vitor	Vitor Pereira	Pereira	0	1	0	270010	16	1	180	5506	75	1	0	570	2	2	110	0	1	1	0	38	0	2	3	900010	0	86	0
Mano	Mano Menezes	Menezes	0	1	0	249955	16	1	180	5563	75	0	0	226764	2	2	1048	0	1	1	0	54	0	1	3	900008	0	86	0
Odair		Hellmann	0	1	0	271344	0	17	180	5563	75	1	0	237067	2	2	1053	0	1	1	0	54	0	1	3	900005	0	86	0
Gareth		Southgate	2	3	8	42	182	25	183	5541	75	0	0	42	2	0	1318	0	3	0	0	14	0	0	2	5518	0	83	0
Franco		Foda	51	9	6	249416	114	2512	180	5535	75	0	0	249416	2	0	1322	0	1	1	0	21	0	0	2	5500	0	83	2
			0	1	6	270172	21	1516	175	5535	77	0	0	26544	4	0	1325	0	9	0	0	45	0	0	3	5501	0	83	0
Jaroslav		Šilhavý	51	9	0	249646	291	1520	180	5575	75	0	0	249646	2	0	1330	1	6	0	0	12	0	0	2	5575	0	83	1
Kasper		Hjulmand	2	5	0	249835	150	2008	184	5557	75	0	0	249835	2	0	1331	0	1	0	0	13	0	0	2	5500	0	83	1
Markku		Kanerva	2	9	0	250025	93	2024	185	5561	75	0	0	250025	2	0	1334	0	3	0	0	17	0	0	2	5502	0	86	1
Didier		Deschamps	51	9	0	220469	150	2024	169	5511	71	0	0	220469	2	0	1335	0	5	0	0	18	0	0	2	5513	0	89	3
Hans-Dieter		Flick	2	5	4	254149	150	42	177	5558	75	0	0	254149	2	0	1337	6	1	0	0	21	0	0	2	5525	0	83	3
John		van't Schip	51	6	6	249704	114	2508	182	5511	75	0	0	249704	2	0	1338	6	3	0	0	34	0	0	2	5505	0	83	2
Arnar		Viðarsson	2	3	0	19260	186	29	177	5511	77	0	0	19260	2	0	1341	0	3	0	0	24	0	0	2	5510	0	82	3
			2	3	6	225576	66	24	179	5530	78	0	0	26543	2	0	1343	0	7	0	0	27	0	0	2	5512	0	82	2
Ståle		Solbakken	2	0	6	250516	0	2002	190	5509	75	0	0	250516	2	0	1352	0	2	1	0	36	0	0	2	5517	0	86	1
			0	1	0	250265	16	1	177	5530	75	0	0	26540	2	3	1353	0	1	0	0	38	0	0	2	5501	0	83	0
Fernando Manuel	Fernando Santos	da Costa Santos	51	9	0	249380	204	40	173	5547	75	0	0	249380	2	0	1354	1	9	0	0	38	0	0	2	5517	0	89	0
Stephen		Kenny	51	6	0	250535	104	30	175	5560	75	0	0	250535	2	0	1355	0	8	0	0	25	0	0	2	5501	0	83	3
Mirel		Rădoi	2	1	4	254538	171	2017	177	5511	75	0	0	254538	2	0	1356	0	4	1	0	39	0	0	2	5502	0	83	0
Valeriy		Karpin	2	5	4	250638	69	2029	185	5528	75	0	0	250638	3	0	1357	1	3	1	0	40	0	0	3	5566	0	86	3
Steve		Clarke	51	9	4	250538	26	11	178	5511	75	0	0	250538	2	0	1359	0	5	0	0	42	0	0	2	5506	0	83	0
Luis Enrique	Luis Enrique	Martínez García	2	9	4	249948	150	2004	180	5536	75	0	0	249948	4	0	1362	0	6	0	0	45	0	0	4	5523	0	83	0
Jan		Andersson	51	9	0	249629	114	16	180	5511	75	0	0	249629	2	0	1363	0	1	1	0	46	0	0	2	5524	0	83	1
			0	1	0	63049	16	1	180	5500	75	0	0	26537	2	0	1366	0	1	1	0	14	0	0	1	5500	0	86	0
Rob		Page	2	3	4	250393	0	4001	183	5526	75	0	0	250393	2	0	1367	6	3	1	0	50	0	0	2	5566	0	83	3
Lionel		Scaloni	2	1	6	8842	77	34	182	5521	80	0	0	8842	2	0	1369	0	3	0	0	52	0	0	2	5522	0	82	0
Agenor	Tite	Tite	0	1	0	63050	16	1	180	5563	75	1	0	5471	2	2	1043	0	1	1	0	14	0	1	1	5505	0	86	0
Gerardo		Martino	51	9	0	249463	189	2506	175	5527	75	0	0	249463	3	0	1386	6	4	0	0	52	0	0	3	5510	0	83	2
			2	6	6	18887	75	7	185	5557	77	0	0	26538	2	0	1387	2	2	0	0	95	0	0	1	5523	0	85	3
Tie	Li Tie	Li	2	3	0	250589	125	559	183	5511	75	0	0	250589	4	0	1413	0	9	1	0	155	0	0	4	5510	0	83	2
Graham		Arnold	51	9	0	249495	29	2016	183	5551	75	0	0	249495	2	0	1415	2	6	0	0	195	0	0	2	5566	0	83	1
Daniel António	Daniel Ramos	Lopes Ramos	2	1	0	249186	189	1517	175	5535	75	0	0	249186	2	0	1438	0	5	0	0	38	0	0	2	5505	0	83	0
Henrik		Rydström	2	5	6	47178	0	19	177	5560	72	0	0	47178	2	0	1439	0	1	1	0	46	0	0	2	5510	0	82	3
			0	9	0	270122	95	1	177	5527	75	0	0	26542	2	0	1443	1	3	1	0	54	0	0	2	5585	0	83	0
			0	9	0	270123	95	1	177	5527	75	0	0	26543	2	0	1447	1	3	1	0	54	0	0	2	5585	0	83	0
Jan Frode		Nornes	51	12	8	256332	65	2024	187	5511	75	0	0	256332	2	0	1456	6	1	0	0	36	0	0	2	5510	0	86	3
Jostein		Grindhaug	51	6	0	104481	65	4004	174	5511	83	0	0	104481	3	0	1463	0	8	1	0	36	0	0	3	5510	0	89	1
Leandro		Zago	2	1	0	270040	9	538	182	5509	73	0	0	26540	4	0	1473	0	3	1	0	54	0	0	4	5584	0	82	0
Luiís Roberto	Pingo	Magalhães	2	1	0	270051	153	560	171	5520	75	0	0	26547	4	0	1474	1	9	1	0	54	0	0	4	5503	0	89	0
Júnior		Rocha	2	1	0	270045	522	557	184	5530	75	0	0	26541	4	0	1477	1	3	1	0	54	0	0	4	5703	0	83	0
Ricardo		Drubscky	0	1	0	270046	158	560	177	5505	69	0	0	26542	4	0	1478	0	3	0	0	54	0	0	4	5704	0	82	0
			0	1	0	254491	16	1	180	5564	75	0	0	26541	2	3	1480	0	6	0	0	14	0	0	1	5523	0	83	0
Bo		Henriksen	51	0	4	140433	84	4001	178	5509	75	0	0	140433	3	0	1516	2	1	1	0	13	0	0	3	5507	0	83	1
			0	1	0	253721	16	1	181	5509	75	0	0	26538	2	0	1530	0	2	0	0	18	0	0	1	5506	0	83	0
Maciej		Bartoszek	51	0	0	249960	0	1500	180	5506	75	0	0	249960	2	0	1569	6	8	1	0	37	0	0	2	5566	0	83	1
			0	1	0	1848	16	1	183	5557	71	0	0	26544	2	0	1572	0	9	0	0	34	0	0	3	5567	0	83	0
Alexandru		Pelici	2	9	6	262658	72	1500	187	5551	75	0	0	262658	3	0	1586	6	3	1	0	39	0	0	3	5522	0	86	3
Renato	Renato Paiva	Paiva	0	1	0	5	16	1012	180	5521	75	1	0	26544	2	2	1598	0	1	1	1	39	0	0	3	5522	0	131	0
Renato		Portaluppi	0	1	0	63019	16	1	180	5521	75	1	0	1625	2	2	1629	0	1	1	0	54	0	2	6	5521	0	86	0
			0	1	0	250258	16	1	186	5541	75	0	0	26544	2	0	1738	0	9	0	0	18	0	0	3	5523	0	86	0
Aurelio		Andreazzoli	51	9	0	249035	29	3513	180	5511	75	0	0	249035	3	0	1746	0	6	0	0	27	0	0	3	5501	0	83	0
Yves		Vanderhaeghe	51	3	0	16947	72	2020	180	5527	84	0	0	16947	2	0	1750	1	1	0	0	7	0	0	2	5522	0	83	0
Hans Erik		Ødegaard	51	3	6	260345	117	3500	180	5511	75	0	0	260345	1	0	1757	0	10	0	0	36	0	0	1	5506	0	83	1
Thomas		Thomasberg	51	5	6	41039	155	3500	180	5511	75	0	0	41039	1	0	1786	0	8	0	0	13	0	0	1	5526	0	83	0
			0	9	0	270115	95	1503	177	5527	75	0	0	26537	2	0	1787	1	3	1	0	54	0	0	2	5585	0	83	0
Flemming		Pedersen	2	9	0	249387	25	3513	183	5511	75	0	0	249387	1	0	1788	0	1	0	0	13	0	0	1	5566	0	83	1
			0	1	0	249189	16	1	175	5511	75	0	0	26543	2	0	1790	0	7	1	0	14	0	0	2	5510	0	83	0
Daniel		Farke	51	5	4	249179	35	1532	182	5509	75	1	0	249179	3	0	1792	0	4	0	0	21	0	0	4	5567	0	83	0
			0	1	0	250645	16	1	184	5564	75	0	0	26543	2	0	1793	0	7	1	0	51	0	0	2	5506	0	83	0
			0	1	0	146331	16	1	191	5547	87	0	0	26543	2	0	1794	0	7	0	0	51	0	0	2	5501	0	86	0
Francisco	Xisco	Muñoz Llompart	2	1	0	260110	64	30	175	5558	75	0	0	260110	3	0	1795	1	3	0	0	45	0	0	3	5566	0	83	0
Vincent		Kompany	2	1	11	139720	0	1007	190	5558	75	1	0	139720	6	0	1796	1	3	0	0	7	0	0	6	5534	0	5	0
			0	6	4	53904	16	4000	175	5509	74	0	0	26544	2	0	1797	1	9	0	0	14	0	0	3	5510	0	81	2
			0	1	0	263863	16	1	183	5511	75	0	0	26541	2	3	1798	0	6	0	0	14	0	0	1	5510	0	83	0
Patrick		Vieira	2	1	6	262194	297	1025	193	5557	75	1	0	1419	9	3	1799	2	9	0	0	18	0	0	7	5523	0	4	0
			0	1	0	53796	16	1	173	5511	65	0	0	26539	2	0	1800	0	1	0	0	14	0	0	2	5520	0	89	0
			0	1	0	262115	16	1	172	5511	75	0	0	26538	2	0	1801	0	2	0	0	42	0	0	1	5510	0	89	0
			0	1	0	250542	16	1	170	5547	75	0	0	26539	2	0	1802	0	1	1	0	42	0	0	2	5584	0	89	0
			0	1	0	262263	16	1	177	5511	75	0	0	26541	2	3	1803	0	6	0	0	14	0	0	1	5551	0	83	0
			0	1	0	4104	16	1	178	5511	69	0	0	26540	2	3	1804	0	1	0	0	42	0	0	2	5526	0	83	0
			51	9	0	250063	59	2029	170	5509	75	0	0	26541	2	3	1805	0	6	0	0	47	0	0	1	5500	0	89	0
			0	1	0	250085	16	1	180	5544	75	0	0	26539	2	0	1806	0	1	0	0	35	0	0	2	5578	0	83	0
			2	1	6	53016	0	1008	188	5511	96	0	0	26545	9	2	1807	0	9	0	0	82	0	0	8	5506	0	86	0
Graham		Potter	2	2	0	156320	114	25	185	5557	75	1	0	156320	2	4	1808	6	2	0	0	14	0	0	2	5505	0	86	1
			0	1	0	250316	16	1	178	5535	75	0	0	26540	2	3	1809	0	1	0	0	18	0	0	2	5504	0	83	0
			0	1	0	256901	16	1	182	5509	75	0	0	26540	2	3	1813	0	1	0	0	18	0	0	2	5526	0	83	0
			0	1	0	250244	16	1	173	5510	75	0	0	26537	2	0	1815	0	1	0	0	18	0	0	1	5567	0	89	0
			0	1	0	250314	16	1	178	5513	75	0	0	26540	2	3	1816	0	1	0	0	18	0	0	2	5523	0	83	0
			0	1	0	167942	16	1	177	5529	75	0	0	26540	2	3	1819	0	1	0	0	18	0	0	2	5505	0	83	0
			0	3	0	50992	32	13	179	5509	78	0	0	26541	2	3	1823	0	6	1	0	21	0	0	1	5510	0	82	2
			2	5	0	152260	17	2015	181	5558	72	0	0	26540	2	3	1824	0	1	0	0	4	0	0	2	5504	0	82	1
Pavel		Dotchev	51	9	3	250269	72	2516	176	5527	75	0	0	250269	1	0	1825	1	4	0	0	9	0	0	1	5521	0	83	0
			0	1	0	250625	16	1	178	5511	75	0	0	26542	2	0	1831	0	3	0	0	47	0	0	2	5551	0	83	0
			0	1	0	256011	16	1	183	5509	75	0	0	26541	2	3	1832	0	6	0	0	21	0	0	1	5522	0	83	0
Roberto		D'Aversa	51	3	8	164378	77	30	184	5509	75	0	0	164378	2	0	1837	0	3	0	0	27	0	0	2	5505	0	82	0
Walter		Mazzarri	51	3	0	234529	637	4003	180	5532	81	1	0	234529	2	0	1842	0	8	1	0	27	0	0	3	5523	0	82	0
Francisco	Paco López	López Fernández	51	1	0	249402	0	4006	172	5509	75	0	0	249402	2	0	1853	0	9	0	0	45	0	0	2	5504	0	89	0
José Miguel	Míchel	González Martín	51	1	0	241376	633	22	183	5529	79	1	0	241376	4	0	1860	0	4	0	0	45	0	0	6	5512	0	83	0
Joan Francesc	Rubi	Ferrer Sicilia	2	3	6	249684	160	4006	170	5505	75	0	0	249684	2	0	1861	0	4	0	0	45	0	0	2	5523	0	89	0
			0	9	0	270138	95	1	177	5527	75	0	0	26540	2	0	1862	1	3	1	0	54	0	0	2	5585	0	83	0
Czesław		Michniewicz	51	3	0	249171	154	2007	188	5520	75	0	0	249171	2	0	1871	6	2	1	0	37	0	0	2	5566	0	86	1
Adrián		Guľa	2	1	6	256025	0	2029	185	5510	75	0	0	256025	3	0	1873	1	1	0	0	43	0	0	3	5566	0	86	0
Peter		Stöger	51	9	0	152227	114	36	176	5509	70	0	0	152227	2	0	1874	6	2	0	0	4	0	0	2	5522	0	83	1
Marcelo	Marcelo Gallardo	Gallardo	2	1	0	249983	100	2505	170	5505	75	1	0	27006	3	2	1876	0	3	0	0	52	0	1	3	5505	0	89	0
Miguel Ángel		Russo	51	3	0	250106	292	1526	175	5511	75	0	0	250106	4	0	1877	2	9	0	0	52	0	0	4	5524	0	83	2
Juan		Reynoso	51	1	0	254016	167	1506	181	5560	75	0	0	254016	4	0	1878	2	9	0	0	59	0	0	4	5524	0	83	0
Santiago		Solari	2	1	6	10962	9	4006	182	5511	79	0	0	10962	4	0	1879	0	3	0	0	52	0	0	4	5514	0	82	0
Víctor Manuel		Vucetich	51	9	0	250655	189	527	172	5527	75	0	0	250655	2	0	1880	0	9	0	0	83	0	0	2	5507	0	89	0
Andrés		Lillini	51	5	4	257420	297	2517	173	5527	75	0	0	257420	2	0	1881	0	5	0	0	52	0	0	2	5520	0	89	3
Hernán		Cristante	2	6	0	140136	78	2024	181	5536	82	0	0	140136	3	0	1882	1	6	0	0	52	0	0	3	5571	0	82	3
Ivan		Jovanović	51	9	17	262655	142	4001	180	5505	75	0	0	262655	2	0	1884	0	3	1	0	51	0	0	2	5534	0	83	0
Marco		Rossi	51	9	3	249995	0	33	185	5540	75	0	0	249995	2	0	1886	6	3	0	0	27	0	0	2	5515	0	86	1
Pedro Miguel	Pepa	Costa Filipe	2	1	0	250281	0	530	185	5558	75	0	0	250281	5	0	1887	0	9	0	0	38	0	0	5	5505	0	86	0
José Ricardo	Ricardo Soares	Soares Ribeiro	2	3	4	249784	290	3513	185	5555	75	0	0	249784	3	0	1888	1	3	0	0	38	0	0	3	5507	0	86	2
Armando	Petit	Gonçalves Teixeira	2	3	4	4083	290	6	176	5538	68	0	0	4083	2	0	1889	0	3	1	0	38	0	0	2	5501	0	82	2
António Jorge	Jorge Simão	Rocha Simão	2	1	6	249015	8	34	177	5528	75	0	0	249015	4	0	1892	1	9	0	0	38	0	0	4	5505	0	83	0
Julio	Julio Velázquez	Velázquez Santiago	2	1	5	249817	21	1507	178	5535	75	0	0	249817	2	0	1893	0	3	0	0	45	0	0	2	5514	0	83	0
Carlos Augusto	Carlos Carvalhal	Carvalhal	51	6	0	243208	135	3513	178	5535	82	1	0	243208	4	0	1896	1	3	0	0	38	0	0	4	5505	0	83	0
João Pedro	João Pedro Sousa	Ramos Borges Sousa	2	9	0	250861	43	42	183	5511	75	0	0	250861	3	0	1898	1	3	0	0	38	0	0	3	5523	0	83	0
João Alexandre	João Henriques	Nunes Henriques	2	9	8	249685	167	3512	180	5535	75	0	0	249685	2	0	1900	0	9	0	0	38	0	0	2	5505	0	83	0
			0	1	0	250365	16	1	176	5509	75	0	0	26540	2	3	1903	0	1	0	0	34	0	0	2	5510	0	83	0
			0	1	0	254511	16	1	180	5509	75	0	0	26538	2	0	1905	0	2	0	0	34	0	0	1	5513	0	83	0
			0	1	0	259935	16	1	180	5555	75	0	0	26544	2	0	1906	0	9	0	0	34	0	0	3	5582	0	83	0
			0	1	0	249431	16	1	188	5557	75	0	0	26538	2	0	1907	0	2	0	0	34	0	0	1	5533	0	86	0
			0	1	0	250428	16	1	182	5536	75	0	0	26539	2	0	1908	0	1	0	0	34	0	0	2	5518	0	83	0
			0	1	0	250582	16	1	190	5557	75	0	0	26538	2	0	1909	0	2	0	0	21	0	0	1	5534	0	86	0
			0	1	0	263729	16	1	186	5511	75	0	0	26539	2	0	1910	0	1	0	0	34	0	0	2	5566	0	86	0
			0	1	0	249706	16	1	175	5578	75	0	0	26538	2	0	1913	0	2	0	0	34	0	0	1	5578	0	83	0
			0	1	0	262982	16	1	180	5521	75	0	0	26544	2	0	1914	0	9	0	0	34	0	0	3	5551	0	83	0
			2	6	6	138629	72	2008	182	5506	76	0	0	26538	2	0	1915	0	2	1	0	34	0	0	1	5506	0	82	2
			0	1	0	257843	16	1	175	5511	75	0	0	26541	2	3	1917	0	6	0	0	14	0	0	1	5553	0	83	0
			0	1	0	250174	16	1	185	5511	75	0	0	26539	2	0	1919	0	1	0	0	14	0	0	2	5520	0	86	0
			0	1	0	18875	16	1	183	5526	75	0	0	26537	2	0	1920	0	1	0	0	14	0	0	1	5526	0	83	0
			2	3	6	53853	75	13	170	5509	69	0	0	26541	2	3	1923	2	6	1	0	50	0	0	1	5510	0	88	2
Thomas		Frank	51	5	0	250581	84	2004	182	5511	75	0	0	250581	2	0	1925	0	1	0	0	13	0	0	2	5567	0	83	2
			0	1	0	256437	16	1	175	5511	75	0	0	26537	2	0	1926	0	1	0	0	14	0	0	1	5510	0	83	0
			2	3	8	53746	284	17	178	5511	76	0	0	26541	2	3	1928	0	6	1	0	14	0	0	1	5510	0	83	3
			2	9	4	150729	137	2	177	5509	72	0	0	26541	2	3	1929	1	6	1	0	14	0	0	1	5551	0	82	0
			0	1	0	261049	16	1	175	5511	75	0	0	26539	2	0	1930	0	1	0	0	195	0	0	2	5510	0	83	0
			51	9	8	10059	69	2016	188	5509	82	0	0	26540	2	3	1932	0	1	0	0	4	0	0	2	5552	0	85	1
			2	6	0	139479	103	2000	178	5558	79	0	0	26540	2	3	1933	2	1	1	0	14	0	0	2	5508	0	82	2
			0	1	0	254818	16	1	182	5509	75	0	0	26543	2	0	1934	0	7	0	0	14	0	0	2	5506	0	83	0
			0	1	0	254508	16	1	180	5510	75	0	0	26545	2	2	1935	0	9	0	0	14	0	0	8	5510	0	83	0
			2	3	0	140975	16	15	185	5511	73	0	0	26541	2	3	1936	0	6	0	0	35	0	0	1	5510	0	85	2
			0	6	0	19321	17	9	178	5511	66	0	0	26539	2	0	1938	0	1	1	0	42	0	0	2	5506	0	83	3
			0	1	0	257433	16	1	188	5527	75	0	0	26543	2	0	1939	0	7	1	0	45	0	0	2	5520	0	86	0
			0	1	0	151182	16	1	175	5511	75	0	0	26543	2	0	1940	0	7	1	0	14	0	0	2	5510	0	83	0
			0	5	0	19103	16	16	185	5509	76	0	0	26541	2	3	1941	0	6	0	0	14	0	0	1	5566	0	85	3
			2	6	0	8517	115	10	175	5530	69	0	0	26540	2	3	1943	0	1	0	0	14	0	0	2	5514	0	82	2
			0	1	0	255983	16	1	178	5511	75	0	0	26541	2	3	1944	0	6	0	0	14	0	0	1	5510	0	83	0
Phil		Parkinson	51	9	0	250311	291	2031	183	5558	75	0	0	250311	2	0	1947	0	4	1	0	14	0	0	2	5504	0	83	0
			0	1	0	257923	16	1	183	5527	75	0	0	26538	2	0	1949	0	2	0	0	14	0	0	1	5506	0	83	0
			0	1	0	249834	16	1	180	5511	75	0	0	26541	2	3	1951	0	6	0	0	14	0	0	1	5504	0	83	0
			0	1	0	249499	16	1	178	5511	75	0	0	26539	2	0	1952	0	1	0	0	35	0	0	2	5510	0	83	0
			2	6	0	260113	16	2000	183	5509	78	0	0	26541	2	3	1955	0	6	0	0	14	0	0	1	5510	0	82	0
			0	1	0	249846	16	1	178	5529	75	0	0	26542	2	0	1958	0	3	0	0	50	0	0	2	5575	0	83	0
			0	1	0	254124	16	1	185	5509	75	0	0	26543	2	0	1960	0	7	0	0	42	0	0	2	5526	0	86	0
			0	1	0	250097	16	1	188	5511	75	0	0	26537	2	0	1961	0	1	1	0	25	0	0	1	5510	0	86	0
			2	1	9	138193	42	1	175	5511	70	0	0	26541	2	3	1962	0	6	1	0	14	0	0	1	5552	0	82	2
Álvaro	Álvaro Cervera	Cervera Díaz	51	9	8	248965	114	2518	165	5551	75	0	0	248965	1	0	1968	0	9	1	0	45	0	0	1	5523	0	89	0
Miguel		Herrera	2	5	0	220945	85	3513	165	5550	75	1	0	220945	3	0	1970	0	7	1	0	83	0	0	4	5585	0	89	3
Stefan		Krämer	2	4	4	250520	277	5	175	5520	75	0	0	250520	2	0	2013	0	1	1	0	21	0	0	2	5566	0	83	3
Felice		Mazzu	51	9	0	249366	118	25	183	5511	75	0	0	249366	2	0	2014	0	6	0	0	7	0	0	2	5513	0	83	0
Kurt		Russ	51	9	6	262979	641	3513	179	5511	75	0	0	262979	3	0	2017	1	3	0	0	4	0	0	3	5568	0	83	0
Jon Andoni	Jon Bolo	Pérez Alonso	2	9	4	252808	631	7	186	5511	75	0	0	252808	2	0	2023	0	1	0	0	45	0	0	2	5523	0	86	0
Evandro		Guimarães	2	1	0	270156	13	552	175	5506	75	0	0	26541	4	0	2056	1	9	0	0	54	0	0	4	5578	0	83	0
Bruno Miguel	Bruno Pinheiro	Nogueira Pinheiro	2	1	6	262408	0	1533	170	5510	75	0	0	262408	3	0	10020	0	9	0	0	38	0	0	3	5566	0	89	0
			0	1	0	251527	16	1	178	5557	75	0	0	26539	2	0	10029	0	1	0	0	21	0	0	2	5552	0	83	0
			2	2	6	249957	554	2019	178	5527	75	0	0	26541	2	3	10030	2	6	1	0	21	0	0	1	5569	0	83	3
Paulo Sérgio	Paulo Sérgio	Bento Brito	2	3	0	251907	189	2024	186	5558	75	0	0	251907	2	0	10031	6	3	0	0	38	0	0	2	5502	0	86	2
Gustavo	Guga	Rissi	51	9	0	248892	294	525	187	5506	75	0	0	248891	2	0	10032	0	4	1	0	54	0	0	2	5568	0	86	0
Julián	Julián Calero	Calero Fernández	2	6	0	262324	0	3516	175	5557	75	0	0	262324	2	0	10846	0	2	0	0	45	0	0	2	5520	0	83	3
Francky		Dury	2	4	0	249414	95	2017	178	5529	75	0	0	249414	2	0	15005	6	1	0	0	7	0	0	2	5502	0	83	1
			0	9	0	270117	95	1	177	5527	75	0	0	26541	2	0	15009	1	3	1	0	54	0	0	2	5585	0	83	0
			0	1	3	3957	1	1001	183	5555	86	0	0	26545	8	2	15015	0	9	1	0	34	0	0	8	5551	0	82	0
Thomas		Silberberger	51	9	0	251657	72	3510	182	5509	75	0	0	251657	2	0	15040	6	2	1	0	4	0	0	2	5552	0	83	1
			51	9	0	250099	40	30	178	5511	75	0	0	26539	2	0	15048	0	1	0	0	42	0	0	2	5567	0	83	0
Luka		Elsner	2	1	4	251153	141	1512	177	5503	75	0	0	251153	3	0	100081	1	3	0	0	44	0	0	3	5523	0	83	0
Marc		Brys	51	4	0	249974	8	21	173	5555	75	0	0	249974	2	0	100087	1	1	0	0	7	0	0	2	5507	0	89	1
Savvas		Poursaitidis	2	1	0	270148	141	8	174	5500	75	0	0	262743	4	0	100135	1	9	0	0	22	0	0	4	5508	0	89	0
Toni		Koskela	2	5	0	156073	245	2031	189	5527	80	0	0	156073	2	0	100325	0	1	0	0	17	0	0	2	5565	0	85	0
			0	1	0	104903	16	1	180	5557	71	0	0	26541	2	3	100409	0	6	0	0	21	0	0	1	5505	0	83	0
			0	1	0	262475	16	1	187	5511	75	0	0	26541	2	3	100632	0	6	0	0	34	0	0	1	5566	0	86	0
			0	1	0	249425	16	1	187	5509	75	0	0	26539	2	0	100634	0	1	0	0	21	0	0	2	5534	0	86	0
			0	1	0	249554	16	1	181	5535	75	0	0	26545	2	2	100646	0	9	0	0	34	0	0	8	5503	0	83	0
Dario		Bonetti	51	9	0	249194	69	2516	187	5529	75	0	0	249194	2	0	100757	2	1	1	0	27	0	0	2	5523	0	86	2
Mihai		Ianovschi	2	5	0	262526	18	3516	180	5511	75	0	0	262526	2	0	100759	0	4	0	0	39	0	0	2	5510	0	83	0
Dinu		Todoran	2	1	4	270147	114	3513	180	5511	75	0	0	262649	3	0	100761	0	9	0	0	39	0	0	3	5510	0	83	0
Marko		Nikolić	2	6	0	256773	0	2030	185	5505	75	0	0	256773	2	0	100765	0	5	0	0	51	0	0	2	5505	0	86	1
Rui Carlos	Rui Vitória	Pinho da Vitória	51	1	6	250442	162	3516	179	5556	75	0	0	250442	4	0	100767	1	9	0	0	38	0	0	4	5566	0	83	0
Callum		Davidson	2	1	4	257114	154	2007	177	5511	75	0	0	257114	2	0	100804	0	4	0	0	42	0	0	2	5506	0	83	0
			0	9	0	270124	95	1	177	5527	75	0	0	26540	2	0	100805	1	3	1	0	54	0	0	2	5585	0	83	0
Juan Antonio	Anquela	Albacete Anquela	51	2	8	249791	139	2517	170	5509	75	0	0	249791	2	0	100831	0	9	1	0	45	0	0	2	5508	0	89	1
Luis Miguel	Luis Carrión	Carrión Delgado	51	1	4	145151	65	1501	176	5529	75	0	0	145151	4	0	100851	0	2	0	0	45	0	0	4	5505	0	82	0
Asier	Asier Garitano	Garitano	2	1	0	249029	188	4013	169	5509	75	0	0	249029	2	0	100888	0	4	0	0	45	0	0	2	5566	0	89	0
Mustafa		Denizli	51	9	0	250136	297	3504	175	5536	75	0	0	250136	1	0	101006	1	3	0	0	48	0	0	1	5504	0	83	1
Aykut		Kocaman	51	9	4	249037	160	1501	175	5558	75	0	0	249037	3	0	101014	1	4	0	0	48	0	0	3	5502	0	83	0
Samet		Aybaba	51	9	6	250456	114	1515	179	5509	75	0	0	250456	1	0	101016	1	3	0	0	48	0	0	1	5505	0	83	0
Yalçın		Koşukavak	51	9	4	262038	154	2512	179	5511	75	0	0	262038	3	0	101020	1	9	0	0	48	0	0	3	5565	0	83	0
Ünal		Karaman	51	9	0	250624	102	3516	180	5529	75	0	0	250624	3	0	101026	1	3	0	0	48	0	0	3	5500	0	83	0
Ömer		Erdoğan	2	1	8	258336	93	2512	191	5509	75	0	0	258336	3	0	101028	0	9	0	0	21	0	0	3	5566	0	86	0
İlhan		Palut	51	1	8	254545	176	1531	175	5527	75	0	0	254545	4	0	101033	0	9	1	0	48	0	0	4	5510	0	83	0
Bülent		Uygun	51	1	4	249080	155	2029	175	5509	75	0	0	249080	4	0	101037	0	3	0	0	48	0	0	4	5517	0	83	0
Rıza		Çalımbay	51	9	0	250390	297	3507	172	5509	75	0	0	250390	3	0	101041	1	9	0	0	48	0	0	3	5510	0	89	0
Mircea		Lucescu	51	9	0	250121	22	519	177	5555	75	0	0	250121	5	0	101047	1	3	1	0	39	0	0	5	5566	0	83	0
			51	1	12	157767	122	1	175	5533	66	0	0	26543	3	0	101059	1	7	1	0	27	0	0	2	5508	0	81	0
Ricardo		Zielinski	51	6	6	250378	59	48	180	5511	75	0	0	250378	4	0	101083	0	3	0	0	52	0	0	4	5508	0	83	3
Leandro		Martini	2	1	0	249893	170	2501	181	5520	75	0	0	249893	4	0	101084	2	3	0	0	52	0	0	4	5566	0	83	0
Iramy	Ira	Rocha	2	3	8	260580	234	3512	178	5509	75	0	0	260579	3	0	101085	0	3	0	0	52	0	0	3	5503	0	83	2
Mauricio		Pellegrino	2	9	6	10974	170	25	193	5520	84	1	0	10974	2	0	101088	0	3	0	0	52	0	0	2	5522	0	86	0
			0	1	0	241151	16	1	176	5523	80	0	0	26537	2	0	101099	0	1	1	0	56	0	0	1	5523	0	83	0
			0	1	0	250844	16	1	176	5509	75	0	0	26541	2	3	101100	0	6	0	0	56	0	0	1	5506	0	83	0
			0	1	0	249936	16	1	181	5506	75	0	0	26545	2	2	101101	0	9	0	0	56	0	0	8	5508	0	83	0
			0	1	0	248958	16	1	170	5511	75	0	0	26538	2	0	101102	0	2	0	0	60	0	0	1	5505	0	89	0
			51	9	0	249815	118	3508	175	5556	75	0	0	26542	3	0	101103	0	3	1	0	60	0	0	2	5523	0	83	0
			0	1	0	249537	16	1	175	5507	75	0	0	26540	2	3	101104	0	1	0	0	56	0	0	2	5507	0	83	0
			0	1	0	258011	16	1	183	5510	75	0	0	26538	2	0	101108	0	2	1	0	60	0	0	1	5523	0	83	0
			0	1	0	250059	16	1	170	5510	75	0	0	26543	2	0	101110	0	7	0	0	60	0	0	2	5566	0	89	0
			0	1	0	249975	16	1	183	5505	75	0	0	26540	2	3	101112	0	1	0	0	70	0	0	2	5505	0	83	0
Diego		Cocca	2	6	4	249251	160	1505	174	5504	75	0	0	249251	4	0	101114	0	9	1	0	52	0	0	4	5505	0	89	3
Guillermo		Vázquez	51	1	0	249509	290	1526	174	5511	75	0	0	249509	4	0	101121	0	9	0	0	83	0	0	4	5505	0	89	0
			0	1	0	250155	16	1	180	5511	75	0	0	26537	2	0	101145	0	1	1	0	54	0	0	1	5567	0	83	0
			0	1	0	260081	16	1	175	5506	75	0	0	26546	2	0	101146	0	9	0	0	163	0	0	3	5566	0	83	0
			0	1	0	263405	16	1	175	5511	75	0	0	26546	2	0	101147	0	9	0	0	163	0	0	3	5505	0	83	0
			0	1	0	249914	16	1	175	5511	75	0	0	26537	2	0	101148	0	1	0	0	54	0	0	1	5506	0	83	0
			0	1	0	250104	16	1	176	5509	75	0	0	26544	2	0	101149	0	9	0	0	45	0	0	3	5526	0	83	0
			0	1	0	249850	16	1	177	5539	75	0	0	26546	2	0	101150	0	9	0	0	163	0	0	3	5518	0	83	0
			2	1	6	1279	0	2001	180	5547	73	0	0	26538	2	0	101151	1	2	1	0	195	0	0	1	5517	0	82	0
			0	1	0	220470	16	1	185	5540	75	0	0	26537	2	0	105035	0	1	0	0	34	0	0	1	5516	0	86	0
Miguel Ángel	Míchel	Sánchez Muñoz	2	1	6	146777	160	3509	174	5557	66	1	0	146777	3	0	110062	0	4	0	0	45	0	0	4	5567	0	87	0
José Luís	José Luis Oltra	Oltra Castañer	51	1	0	249769	114	1512	175	5515	75	0	0	249769	4	0	110065	1	9	0	0	45	0	0	4	5515	0	83	0
Manuel María	Lolo Escobar	Escobar Rodríguez	2	1	4	262758	13	2016	170	5535	75	0	0	262758	2	0	110069	0	2	0	0	45	0	0	2	5504	0	89	0
Gheorghe		Hagi	51	9	0	262188	154	1500	172	5510	75	0	0	262188	3	0	110075	1	3	1	0	39	0	0	3	5508	0	89	0
Ian		Baraclough	51	6	0	19334	77	1526	185	5560	80	0	0	19334	2	0	110081	0	1	0	0	14	0	0	2	5514	0	85	3
Julio César		Falcioni	51	3	0	249819	104	1509	180	5557	75	0	0	249819	2	0	110093	0	1	0	0	52	0	0	2	5553	0	83	2
Guillermo		Almada	2	5	0	249505	59	1526	185	5511	75	0	0	249505	4	0	110144	1	5	1	0	60	0	0	4	5514	0	86	2
Francisco	Kiko Ramírez	Ramírez González	51	1	4	249407	290	33	180	5557	75	0	0	249407	4	0	110147	0	3	0	0	45	0	0	4	5554	0	83	0
Héctor		Altamirano	2	9	0	259414	21	530	173	5506	75	0	0	259414	4	0	110150	1	9	1	0	83	0	0	4	5505	0	89	0
Nicolás		Larcamón	2	1	8	250171	165	1539	175	5511	75	0	0	250171	4	0	110152	1	9	1	0	52	0	0	4	5506	0	83	0
			0	1	0	261132	16	1	186	5521	75	0	0	26538	2	0	110178	0	2	0	0	21	0	0	1	5569	0	86	0
Torsten		Ziegner	2	3	3	100254	75	2001	175	5511	77	0	0	100254	2	0	110197	0	4	0	0	21	0	0	2	5526	0	82	3
			0	1	0	249698	16	1	178	5511	75	0	0	26544	2	0	110313	0	9	1	0	14	0	0	3	5520	0	83	0
			0	1	0	249248	16	1	172	5558	75	0	0	26540	2	3	110321	0	1	0	0	18	0	0	2	5523	0	89	0
			0	1	0	257258	16	1	180	5511	75	0	0	26540	2	3	110329	0	1	0	0	21	0	0	2	5506	0	83	0
Fabrizio		Castori	51	9	0	249361	92	3500	165	5511	75	0	0	249361	1	0	110373	1	9	1	0	27	0	0	1	5526	0	89	0
Vincenzo		Italiano	2	1	4	251172	0	1501	175	5506	75	0	0	251172	3	0	110374	1	3	1	0	27	0	0	3	5522	0	83	0
Sergio		Rondina	51	9	6	250489	156	525	169	5513	75	0	0	250489	4	0	110394	0	3	0	0	52	0	0	4	5523	0	89	0
Luis		Zubeldía	2	6	4	249944	189	2020	179	5558	75	0	0	249944	2	0	110395	6	4	1	0	52	0	0	2	5567	0	83	3
Fernando		Gamboa	2	1	6	262676	220	39	181	5557	75	0	0	262676	2	0	110396	0	3	0	0	52	0	0	2	5507	0	83	0
Javier		Sanguinetti	2	1	0	257047	149	44	174	5513	75	0	0	257047	4	0	110404	1	4	0	0	52	0	0	4	5523	0	89	0
Eduardo		Domínguez	2	1	8	142700	70	1519	185	5507	82	0	0	142700	4	0	110406	0	4	0	0	52	0	0	4	5508	0	85	0
			0	1	0	250199	16	1	172	5558	75	0	0	26539	2	0	110456	0	1	0	0	18	0	0	2	5566	0	89	0
Michal		Bílek	51	9	8	262476	0	1517	177	5557	75	0	0	262476	1	0	110468	1	1	0	0	12	0	0	1	5534	0	83	1
Florian		Schnorrenberg	2	1	0	249389	35	4003	180	5511	75	0	0	249389	1	0	110482	2	9	0	0	21	0	0	1	5510	0	83	0
Michael		Schiele	2	6	8	250088	289	3516	172	5511	75	0	0	250088	3	0	110500	2	4	0	0	21	0	0	3	5569	0	89	3
Guerino		Capretti	2	6	6	257369	182	33	180	5509	75	0	0	257369	2	0	110501	0	4	0	0	21	0	0	2	5566	0	83	0
			0	1	0	169229	16	1	174	5511	68	0	0	26538	2	0	110502	0	2	1	0	21	0	0	1	5553	0	89	0
Patrick		Glöckner	2	6	6	253443	114	2031	185	5511	75	0	0	253443	3	0	110532	0	1	0	0	21	0	0	3	5522	0	86	3
Davide		Ballardini	51	9	6	249218	0	1518	180	5558	75	0	0	249218	2	0	110556	0	9	0	0	27	0	0	2	5523	0	83	0
Ivan		Vukomanović	2	6	4	262734	208	2517	188	5533	75	0	0	262734	4	0	110565	0	9	0	0	51	0	0	4	5523	0	86	3
			0	1	0	249214	16	1	181	5558	75	0	0	26541	2	3	110569	0	6	0	0	18	0	0	1	5506	0	83	0
Cristian	Kily González	González	2	1	8	257049	161	2516	176	5511	75	0	0	257049	3	0	110580	0	3	0	0	52	0	0	3	5567	0	83	0
Iván		Delfino	51	9	0	249611	26	2522	180	5520	75	0	0	249611	2	0	110581	1	3	0	0	52	0	0	2	5566	0	83	0
Christian		Titz	51	3	6	249128	57	3500	184	5509	75	0	0	249128	2	0	110588	2	6	0	0	21	0	0	2	5520	0	83	3
Joe		Enochs	51	9	8	105015	290	1506	183	5556	75	0	0	105015	3	0	110592	2	10	0	0	95	0	0	3	5566	0	82	1
Rico		Schmitt	1	6	6	250385	149	2029	184	5511	75	0	0	250385	2	0	110597	0	6	0	0	21	0	0	2	5506	0	83	3
			0	1	0	270149	16	1	184	5552	75	0	0	26543	2	0	110636	0	7	1	0	21	0	0	2	5566	0	83	0
Olaf		Janßen	51	9	0	250193	292	2027	177	5536	75	0	0	250193	2	0	110645	1	2	0	0	21	0	0	2	5533	0	83	0
Enrico		Maaßen	2	6	3	262686	186	2006	178	5557	75	0	0	262686	2	0	110676	0	4	0	0	21	0	0	2	5510	0	83	2
Rüdiger		Ziehl	2	9	0	262855	117	31	184	5527	75	0	0	262855	2	0	110678	2	6	0	0	21	0	0	2	5569	0	83	2
Thomas		Stamm	2	5	3	262753	170	1510	180	5557	75	0	0	262753	2	0	110691	0	1	0	0	47	0	0	2	5522	0	83	3
Xabier	Xabi Alonso	Alonso Olano	2	6	8	262757	633	4006	183	5511	75	0	0	45197	1	4	110711	0	3	0	0	45	0	0	1	5567	0	83	4
Wouter		Vrancken	2	12	0	251205	86	1531	185	5509	75	0	0	251205	1	0	110724	0	1	1	0	7	0	0	1	5523	0	86	4
			0	1	0	250495	16	1	170	5530	75	0	0	26544	2	0	110734	0	9	1	0	27	0	0	3	5501	0	89	0
Ireneusz		Mamrot	51	5	0	249604	284	2504	175	5511	75	0	0	249604	2	0	110745	6	9	0	0	37	0	0	2	5510	0	83	0
Kosta		Runjaić	51	3	0	249867	177	30	177	5511	75	0	0	249867	2	0	110746	6	1	0	0	21	0	0	2	5507	0	83	0
Michał		Probierz	51	9	8	148408	26	2510	176	5511	69	0	0	148408	2	0	110747	6	9	1	0	37	0	0	2	5523	0	83	1
Dariusz		Żuraw	2	5	0	51001	40	2015	183	5564	79	0	0	51001	2	0	110749	6	2	0	0	37	0	0	2	5534	0	82	1
László		Balint	2	3	6	256657	154	30	179	5509	75	0	0	256657	2	0	110750	2	9	1	0	39	0	0	2	5508	0	83	0
Marius		Croitoru	2	1	8	251206	16	1503	175	5506	75	0	0	251206	2	0	110752	0	1	1	0	39	0	0	2	5566	0	83	0
Anderson		Batatais	2	1	0	270044	101	561	171	5520	75	0	0	26540	4	0	110765	0	9	0	0	54	0	0	4	5700	0	89	0
Marco		Walker	51	9	6	261594	195	11	189	5510	75	0	0	261594	2	0	110770	0	8	0	0	47	0	0	2	5520	0	86	0
Erol		Bulut	51	1	12	249337	186	2016	184	5509	75	0	0	249337	3	0	110776	2	3	0	0	48	0	0	3	5552	0	83	0
Ariel		Holan	51	9	0	249021	40	2516	180	5510	75	0	0	249021	3	0	110781	0	9	0	0	52	0	0	3	5505	0	83	0
			0	1	0	262312	16	1	186	5509	75	0	0	26538	2	0	110799	0	2	0	0	14	0	0	1	5510	0	86	0
José Ángel	Cuco Ziganda	Ziganda	51	6	6	241715	195	20	185	5547	78	1	0	241715	4	3	110827	6	5	0	0	45	0	0	4	5517	0	86	0
Rubén	Rubén Albés	Albés Yáñez	2	3	4	256925	174	4005	188	5531	75	0	0	256925	3	0	110831	0	3	0	0	45	0	0	3	5508	0	86	2
Robert	Robert Moreno	Moreno González	0	1	6	251150	160	2521	180	5500	75	0	0	251150	4	0	110832	1	6	0	0	45	0	0	4	5500	0	83	0
Ignacio		Ambriz	51	9	0	249592	183	1514	177	5525	75	0	0	249592	5	0	110839	0	9	0	0	83	0	0	5	5525	0	83	0
			0	1	0	254737	16	1	177	5511	75	0	0	26542	2	0	110890	0	3	0	0	14	0	0	2	5506	0	83	0
Stuart		Baxter	51	4	8	250545	181	2002	175	5509	75	0	0	250545	2	0	110929	0	1	0	0	42	0	0	2	5514	0	83	1
Joe		Zinnbauer	51	3	4	249692	24	2012	181	5535	75	0	0	249692	2	0	110930	0	9	0	0	21	0	0	2	5505	0	83	0
			51	3	0	263981	145	559	186	5520	75	0	0	26546	4	0	110955	1	9	0	0	155	0	0	3	5566	0	86	2
			0	3	0	144279	0	3504	184	5555	78	0	0	26538	2	0	110968	0	2	0	0	54	0	0	1	5510	0	82	0
			0	1	0	251783	16	1	174	5529	75	0	0	26543	2	0	110969	0	7	0	0	58	0	0	2	5500	0	89	0
			51	1	0	249342	104	1539	175	5511	75	0	0	26543	4	0	110970	0	7	0	0	53	0	0	2	5506	0	83	0
			0	1	0	135704	16	1	182	5506	73	0	0	26541	2	3	110974	0	6	1	0	52	0	0	1	5522	0	83	0
			0	1	0	5658	16	1	188	5530	83	0	0	26540	2	3	110975	0	1	1	0	60	0	0	2	5505	0	86	0
			51	1	0	265470	112	3515	178	5511	75	0	0	26540	4	3	110977	1	1	1	0	55	0	0	2	5510	0	83	0
			0	1	0	256112	16	1	176	5511	75	0	0	26542	2	0	110978	0	3	0	0	55	0	0	2	5520	0	83	0
			51	1	0	249516	289	42	181	5529	75	0	0	26543	4	0	110980	1	7	1	0	53	0	0	2	5524	0	83	0
			0	1	0	254301	16	1	175	5554	75	0	0	26540	2	3	110981	0	1	1	0	52	0	0	2	5523	0	83	0
			0	1	0	249607	16	1	186	5509	75	0	0	26543	2	0	110984	0	7	1	0	45	0	0	2	5534	0	86	0
			0	1	0	250235	16	1	183	5511	75	0	0	26544	2	0	110986	0	9	1	0	52	0	0	3	5507	0	83	0
			0	1	0	249542	16	1	176	5511	75	0	0	26540	2	3	110987	0	1	0	0	52	0	0	2	5522	0	83	0
			51	1	0	255128	284	15	180	5510	75	0	0	26543	4	0	110989	1	7	0	0	61	0	0	2	5510	0	83	0
			0	1	0	254097	16	1	175	5525	75	0	0	26543	2	0	110990	0	7	0	0	61	0	0	2	5508	0	83	0
			0	1	0	264014	16	1	175	5539	75	0	0	26539	2	0	110992	0	1	0	0	61	0	0	2	5552	0	83	0
			51	2	14	249752	80	30	185	5558	75	0	0	26540	5	3	111001	1	1	1	0	60	0	0	2	5569	0	86	3
			0	1	0	262864	16	1	193	5506	75	0	0	26540	2	3	111002	0	1	1	0	60	0	0	2	5522	0	86	0
			0	1	0	260039	16	1	183	5528	75	0	0	26539	2	0	111007	0	1	1	0	58	0	0	2	5523	0	83	0
			0	1	0	249180	16	1	174	5511	75	0	0	26541	2	3	111008	0	6	0	0	52	0	0	1	5508	0	89	0
			51	1	0	249091	114	1	180	5547	75	0	0	26540	4	3	111010	0	1	0	0	52	0	0	2	5575	0	83	0
			51	1	4	249462	154	4004	180	5509	75	0	0	26540	4	3	111011	0	1	1	0	52	0	0	2	5503	0	83	0
			0	1	0	253759	16	1	173	5529	75	0	0	26545	2	2	111013	0	9	0	0	56	0	0	8	5512	0	89	0
			0	1	0	253994	16	1	185	5511	75	0	0	26543	2	0	111014	0	7	1	0	52	0	0	2	5518	0	86	0
			51	9	0	267971	72	2517	178	5511	75	0	0	26537	4	0	111016	1	1	0	0	52	0	0	1	5520	0	83	0
Gabriel		Milito	2	3	6	138654	21	16	179	5527	78	0	0	138654	2	0	111019	2	5	1	0	52	0	0	2	5522	0	82	2
Celso		Roth	0	1	0	271339	16	1	180	5563	75	1	0	214332	2	2	111041	0	1	1	0	54	0	0	5	900019	0	86	0
Juan	Vojvoda	Vojvoda	0	1	0	270011	16	1	180	5563	75	1	0	1075	2	2	111052	0	1	1	0	52	0	1	3	900013	0	86	0
Gustavo		Morinigo	0	1	0	271348	16	1	180	5563	75	1	0	4231	1	2	111059	0	1	1	0	54	0	1	4	900020	1	86	0
			0	1	0	252714	16	1	168	5510	75	0	0	26544	2	0	111065	0	9	0	0	95	0	0	3	5523	0	89	0
Waldemar		Fornalik	51	1	0	250674	118	2500	173	5510	75	0	0	250674	2	0	111086	2	9	0	0	37	0	0	2	5569	0	89	0
Mihai		Iosif	51	9	6	262410	72	2029	175	5510	75	0	0	262410	2	0	111088	0	9	1	0	39	0	0	2	5522	0	83	0
Piotr		Stokowiec	51	12	8	148528	114	2030	184	5530	75	0	0	148528	2	0	111091	6	2	1	0	37	0	0	2	5504	0	83	4
Jacek		Magiera	51	9	0	105852	195	2006	185	5529	77	0	0	105852	2	0	111092	0	8	0	0	37	0	0	2	5505	0	86	0
Francesco		Farioli	2	1	4	263710	176	1519	174	5520	75	0	0	263710	3	0	111117	0	3	1	0	27	0	0	3	5566	0	89	0
Ollie		Horgan	51	9	0	250203	34	3500	178	5511	75	0	0	250203	2	0	111131	2	8	1	0	25	0	0	2	5510	0	83	3
			0	1	0	248905	16	1	168	5513	75	0	0	26542	2	0	111138	0	3	1	0	14	0	0	2	5523	0	89	0
			0	1	0	261363	16	1	185	5527	75	0	0	26545	2	2	111139	0	9	0	0	18	0	0	8	5510	0	86	0
			0	1	0	249484	16	1	183	5529	75	0	0	26538	2	0	111140	0	2	1	0	61	0	0	1	5505	0	83	0
			0	1	0	249070	16	1	180	5544	75	0	0	26539	2	0	111144	0	1	0	0	95	0	0	2	5584	0	83	0
			0	1	0	249423	16	1	190	5511	75	0	0	26540	2	3	111235	0	1	0	0	21	0	0	2	5521	0	86	0
			0	1	0	262990	16	1	176	5511	75	0	0	26540	2	3	111239	0	1	1	0	21	0	0	2	5566	0	83	0
			0	1	0	250423	16	1	174	5506	75	0	0	26541	2	3	111276	0	6	0	0	18	0	0	1	5533	0	89	0
			0	1	0	261557	16	1	176	5509	75	0	0	26544	2	0	111325	0	9	0	0	60	0	0	3	5506	0	83	0
			51	1	4	265625	54	36	193	5544	75	0	0	26540	4	3	111326	0	1	0	0	60	0	0	2	5507	0	86	0
			0	1	0	261252	16	1	175	5511	75	0	0	26538	2	0	111327	0	2	0	0	52	0	0	1	5520	0	83	0
			0	1	0	249767	16	1	181	5511	75	0	0	26540	2	3	111328	0	1	0	0	55	0	0	2	5510	0	83	0
			51	1	8	260069	28	1536	173	5555	75	0	0	26544	5	0	111332	1	9	1	0	61	0	0	3	5552	0	89	0
			0	1	0	260198	16	1	185	5509	75	0	0	26540	2	3	111334	0	1	0	0	52	0	0	2	5501	0	86	0
Şenol		Can	2	1	8	261686	177	1533	183	5538	75	0	0	261686	4	0	111339	0	9	1	0	9	0	0	4	5566	0	83	0
Cláudio		Tencati	51	9	0	270152	21	2029	182	5515	75	1	0	26544	2	0	111393	6	9	0	1	54	0	0	2	5526	0	83	3
Carlos		Pimentel	51	5	0	270173	117	3500	183	5521	75	1	0	27094	2	0	111395	6	1	0	1	54	0	0	2	5552	0	83	3
Márcio Fernandes	Márcio Fernandes	Figueiredo	51	9	6	270049	141	1515	175	5555	75	0	0	26545	2	0	111396	0	6	0	0	54	0	0	2	5501	0	83	3
Eduardo		Baptista	51	6	4	270002	186	1508	193	5511	83	1	0	31432	2	0	111397	2	4	0	0	54	0	1	4	5563	0	85	2
Jerson		Testoni	51	1	4	270041	209	2522	174	5510	75	0	0	26537	2	0	111398	0	3	0	0	54	0	0	2	5585	0	89	0
Luizinho		Lopes	51	1	0	270043	37	1534	180	5510	75	0	0	26539	3	0	111399	1	3	0	0	54	0	0	3	5590	0	83	2
Marcelo		Chamusca	51	9	0	271349	148	2014	174	5541	72	1	0	250	3	0	111400	0	3	0	0	54	0	2	4	5569	0	88	0
			0	1	0	249699	16	1	165	5503	75	0	0	26543	2	0	111455	0	7	0	0	14	0	0	2	5523	0	89	0
			51	9	6	253005	43	2000	191	5510	75	0	0	26538	2	0	111473	0	2	0	0	198	0	0	1	5522	0	86	3
Álvaro Adriano	Álvaro Pacheco	Teixeira Pacheco	2	9	8	262409	0	1502	180	5511	75	0	0	262409	3	0	111539	0	6	1	0	38	0	0	3	5520	0	83	0
			0	1	0	260434	16	1	180	5509	75	0	0	26541	2	3	111575	0	6	0	0	45	0	0	1	5505	0	83	0
			0	1	0	63054	16	1	180	5500	75	0	0	26537	2	0	111592	0	1	1	0	14	0	0	1	5500	0	86	0
			0	1	0	63055	16	1	180	5500	75	0	0	26537	2	0	111596	0	1	1	0	14	0	0	1	5500	0	86	0
Robbie		Fowler	51	1	0	195	85	2000	175	5557	73	0	0	195	2	0	111629	2	6	0	0	14	0	0	2	5567	0	82	2
			0	1	0	264045	16	1	185	5511	75	0	0	26544	2	0	111651	0	9	0	0	45	0	0	3	5510	0	86	0
			0	1	0	5534	16	1	180	5509	72	0	0	26544	2	0	111659	0	9	1	0	18	0	0	3	5566	0	83	0
Alex	Alex	Santos	51	9	0	271347	292	528	180	5536	75	1	0	214098	5	2	111674	0	9	0	0	54	0	2	3	900015	0	83	0
Robert Dante		Siboldi	51	9	0	250400	181	1528	193	5504	75	0	0	250400	4	0	111678	0	9	0	0	60	0	0	4	5514	0	86	0
			0	9	0	270083	95	37	177	5527	75	0	0	26540	2	0	111701	1	3	1	0	54	0	0	2	5585	0	83	0
Sebastián		Méndez	2	1	11	250472	0	2017	177	5554	75	0	0	250472	1	0	111706	0	5	0	0	52	0	0	1	5522	0	83	0
Fernando		Gago	2	3	6	260579	115	3512	178	5509	75	0	0	260579	3	0	111707	0	3	0	0	52	0	0	3	5503	0	83	2
Omar		De Felippe	51	9	0	250206	149	2516	181	5510	75	0	0	250206	3	0	111708	0	3	0	0	52	0	0	3	5566	0	83	0
Sebastián		Beccacece	2	5	0	250470	80	2020	182	5510	75	0	0	250470	3	0	111710	6	4	1	0	52	0	0	3	5507	0	83	0
Frank		Kudelka	51	6	0	249422	75	2020	176	5527	75	0	0	249422	3	0	111711	6	4	0	0	52	0	0	3	5522	0	83	3
Juan Manuel		Azconzábal	2	1	8	143063	150	2505	186	5533	80	0	0	143063	4	0	111716	0	3	0	0	52	0	0	4	5523	0	85	0
			0	1	0	249559	16	1	186	5524	75	0	0	26547	2	0	111722	0	3	0	0	56	0	0	8	5523	0	86	0
			0	1	0	261827	16	1	175	5551	75	0	0	26538	2	0	111723	0	2	0	0	56	0	0	1	5520	0	83	0
			0	1	0	250685	16	1	170	5520	75	0	0	26546	2	0	111724	0	9	0	0	155	0	0	3	5520	0	89	0
			0	1	0	250613	16	1	168	5511	75	0	0	26546	2	0	111730	0	9	0	0	163	0	0	3	5566	0	89	0
Adilson		Batista	51	4	4	270025	175	27	178	5590	75	1	0	27095	1	0	111766	2	1	1	1	54	0	0	1	5553	0	83	3
			0	1	0	183617	16	1	189	5529	79	0	0	26540	2	3	111768	0	1	1	0	10	0	0	2	5523	0	84	0
			2	1	0	249114	127	559	177	5551	75	0	0	26546	4	0	111769	0	9	0	0	155	0	0	3	5567	0	83	2
Raimundo	R. Wágner	Wágner	51	5	0	270038	117	3500	183	5521	75	0	0	26538	2	0	111773	6	1	0	0	54	0	0	2	5580	0	83	3
			0	9	0	270170	95	1	177	5527	75	0	0	26543	2	0	111774	1	3	1	0	54	0	0	2	5585	0	83	0
			0	1	0	260576	16	1	180	5501	75	0	0	26540	2	3	111779	0	1	0	0	45	0	0	2	5506	0	83	0
Christian		Brocchi	51	3	6	4514	92	18	171	5536	70	0	0	4514	3	0	111811	1	3	0	0	27	0	0	3	5575	0	89	0
			0	1	0	250577	16	1	186	5557	75	0	0	26537	2	0	111817	0	1	1	0	18	0	0	1	5534	0	86	0
			0	9	0	270116	95	7006	177	5527	75	0	0	26540	2	0	111821	1	3	1	0	54	0	0	2	5585	0	83	0
Robin		Dutt	2	1	0	250411	297	14	180	5528	75	0	0	250411	4	0	111822	1	3	0	0	21	0	0	4	5504	0	83	0
			0	3	0	260114	25	3501	176	5510	74	0	0	26540	4	3	111839	1	1	0	0	27	0	0	2	5567	0	82	0
			2	3	0	4784	16	1505	174	5509	72	0	0	26541	2	3	111928	0	6	1	0	52	0	0	1	5585	0	88	2
Alessio		Dionisi	2	3	8	252399	77	1502	178	5555	75	0	0	252399	2	0	111974	6	9	0	0	27	0	0	2	5569	0	83	2
Vagner	Mancini	Mancini	51	9	4	270020	290	1	178	5563	75	1	0	1040	4	2	112001	2	3	1	0	54	0	1	4	900016	0	89	0
Fabio		Caserta	2	1	8	251209	182	15	180	5520	75	0	0	251209	3	0	112026	0	9	0	0	27	0	0	3	5520	0	83	0
Anders		Torstensson	51	5	4	263992	16	3509	182	5511	75	0	0	263992	1	0	112072	6	3	0	0	46	0	0	1	5510	0	83	0
			51	1	6	249809	92	1531	180	5545	75	0	0	26541	4	3	112080	1	6	0	0	52	0	0	1	5521	0	83	0
			0	1	0	250050	16	1	181	5510	75	0	0	26543	2	0	112092	0	7	1	0	27	0	0	2	5505	0	83	0
			0	1	0	263406	16	1	180	5510	75	0	0	26546	2	0	112093	0	9	0	0	163	0	0	3	5514	0	83	0
Roberto		Fernandes	0	9	4	270021	25	2510	178	5557	81	1	0	26546	2	0	112096	0	1	0	1	54	0	0	2	5533	0	83	0
Neto		Colucci	2	1	0	270158	22	549	179	5576	75	0	0	27095	4	0	112115	1	3	0	0	54	0	0	4	5505	0	83	0
Eduardo		Souza	0	1	0	271336	16	1	180	5506	75	1	0	238380	2	2	112119	0	1	1	0	54	0	1	3	900014	0	86	0
Hakan		Keleş	51	1	6	249520	150	30	175	5509	75	0	0	249520	1	0	112120	6	3	1	0	48	0	0	1	5520	0	83	0
			1	7	0	45846	16	2	193	5554	92	0	0	26539	2	0	112134	0	1	0	0	95	0	0	2	5554	0	85	1
			51	9	8	270140	192	2009	180	5521	75	0	0	26537	4	0	112139	2	1	1	0	58	0	0	1	5534	0	83	0
			0	9	0	270121	95	1	177	5527	75	0	0	26543	2	0	112165	1	3	1	0	54	0	0	2	5585	0	83	0
			51	6	0	16836	149	2013	180	5555	77	0	0	26541	3	3	112172	6	6	1	0	95	0	0	1	5501	0	82	1
			51	1	0	249513	160	1508	177	5520	75	0	0	26540	4	3	112184	1	1	0	0	60	0	0	2	5520	0	83	0
			0	1	0	249548	16	1	180	5021	75	0	0	26539	2	0	112190	0	1	1	0	21	0	0	2	5021	0	83	0
Lars		Bohinen	51	9	8	249880	29	47	185	5511	75	0	0	249880	3	0	112199	0	1	0	0	36	0	0	3	5508	0	86	1
			0	1	0	257838	16	1	185	5511	75	0	0	26540	2	3	112222	0	1	0	0	14	0	0	2	5510	0	86	0
Gerson		Gusmão	51	3	0	270039	25	4502	188	5506	75	0	0	26539	6	0	112224	1	3	1	0	54	0	0	6	5582	0	86	2
			2	5	6	10884	37	10	178	5511	85	0	0	26539	2	0	112254	2	1	0	0	50	0	0	2	5566	0	83	3
Luizinho		Vieira	51	9	0	270054	291	514	184	5588	75	0	0	27096	4	0	112258	6	9	0	0	54	0	0	4	5506	0	83	0
			0	1	0	260928	16	1	180	5511	75	0	0	26538	2	0	112259	0	2	0	0	14	0	0	1	5510	0	83	0
			0	1	0	138225	16	1	183	5511	81	0	0	26538	2	0	112260	0	2	0	0	14	0	0	1	5506	0	83	0
			0	1	0	63057	16	1	180	5500	75	0	0	26537	2	0	112264	0	1	1	0	14	0	0	1	5500	0	86	0
			0	1	0	63058	16	1	180	5500	75	0	0	26537	2	0	112288	0	1	1	0	14	0	0	1	5500	0	86	0
			0	1	0	63059	16	1	180	5500	75	0	0	26537	2	0	112301	0	1	1	0	14	0	0	1	5500	0	86	0
			0	1	0	63060	16	1	180	5500	75	0	0	26537	2	0	112303	0	1	1	0	14	0	0	1	5500	0	86	0
			0	1	0	63061	16	1	180	5500	75	0	0	26537	2	0	112304	0	1	1	0	14	0	0	1	5500	0	86	0
			0	1	0	249773	16	1	183	5554	75	0	0	26541	2	3	112378	0	6	0	0	45	0	0	1	5525	0	83	0
Paulo		Bonamigo	51	3	8	270050	189	1533	177	5529	75	0	0	26546	5	0	112387	0	1	1	0	54	0	0	5	5502	0	83	0
Umberto		Louzer	51	5	6	270013	10	1518	185	5511	75	1	0	570	2	0	112389	2	8	0	0	54	0	1	4	5525	0	86	3
Wagner Augusto	Wagner Lopes	Lopes	2	3	4	270052	39	2522	174	5506	75	0	0	27094	2	0	112390	0	3	0	0	54	0	0	2	5504	0	89	2
Guto	Guto Ferreira	Ferreira	2	3	8	2	294	2516	182	5563	115	1	0	5589	4	2	112392	0	3	0	1	54	0	2	4	900018	0	83	2
Léo		Conde	2	1	12	270030	0	1524	180	5509	75	1	0	139720	3	2	112393	0	3	0	0	54	0	1	3	5567	0	83	2
Vegard		Hansen	51	9	0	250644	30	4006	180	5511	75	0	0	250644	1	0	112420	2	1	1	0	36	0	0	1	5510	0	83	1
Gilson		Kleina	51	9	4	270017	25	2510	178	5557	81	1	0	26541	2	0	112427	0	1	0	1	54	0	0	3	5523	0	83	0
			0	1	0	63062	16	1	180	5500	75	0	0	26537	2	0	112428	0	1	1	0	14	0	0	1	5500	0	86	0
			0	1	0	254102	16	1	178	5573	75	0	0	26541	2	3	112429	0	6	0	0	34	0	0	1	5580	0	83	0
			0	1	0	250087	16	1	172	5506	75	0	0	26539	2	0	112444	0	1	1	0	51	0	0	2	5506	0	89	0
Marcio	Marcinho	Freitas	0	1	0	271340	16	1	180	5563	75	1	0	167198	2	2	112472	0	1	1	0	54	0	2	5	900004	0	86	0
Bruno		Pivetti	0	1	0	270032	148	2014	180	5500	75	1	0	26542	2	0	112476	0	1	1	1	54	0	0	1	5524	0	86	0
			0	1	0	63077	16	1	180	5500	75	0	0	26537	2	0	112510	0	1	1	0	14	0	0	1	5500	0	86	0
Piotr		Tworek	51	3	8	256576	29	32	169	5526	75	0	0	256576	2	0	112511	6	8	0	0	37	0	0	2	5566	0	89	0
Armando	Evangelista	Macedo Freitas	2	9	0	249022	208	2508	181	5511	75	0	0	249022	3	0	112513	0	3	0	0	38	0	0	3	5510	0	83	0
Francisco	Pako Ayestarán	Ayestarán	2	1	7	249396	0	2017	178	5502	75	0	0	249396	2	0	112516	0	3	0	0	45	0	0	2	5503	0	83	0
			0	1	0	248950	16	1	175	5527	75	0	0	26545	2	2	112523	0	9	0	0	56	0	0	8	5507	0	83	0
			0	1	0	249804	16	1	181	5506	75	0	0	26543	2	0	112533	0	7	0	0	55	0	0	2	5566	0	83	0
			0	1	0	249404	16	1	173	5511	75	0	0	26543	2	0	112535	0	7	0	0	52	0	0	2	5521	0	89	0
			2	6	6	6016	61	2016	179	5535	79	0	0	26543	2	0	112540	0	7	0	0	10	0	0	2	5566	0	82	2
Thiago		Carvalho	51	6	4	270037	186	1508	193	5511	83	0	0	26537	2	0	112541	2	4	0	0	54	0	0	2	5579	0	85	2
			0	1	0	262553	16	1	185	5509	75	0	0	26539	2	0	112552	0	1	0	0	18	0	0	2	5568	0	86	0
Evaristo		Piza	2	1	0	270157	158	556	184	5506	75	0	0	26543	4	0	112558	2	3	0	0	54	0	0	4	5021	0	83	0
			1	1	0	270009	290	2515	177	5563	75	1	0	26543	5	2	112572	0	9	0	0	54	0	0	4	900009	0	83	0
			2	1	28	249405	141	515	173	5529	75	0	0	26543	3	0	112584	0	7	0	0	52	0	0	2	5508	0	89	0
			2	1	0	263979	243	2501	180	5506	75	0	0	26540	4	3	112585	1	1	0	0	55	0	0	2	5522	0	83	0
			0	1	0	250214	16	1	173	5506	75	0	0	26543	2	0	112606	0	7	0	0	56	0	0	2	5567	0	89	0
Mihai		Teja	2	1	4	251020	21	2508	177	5511	75	0	0	251020	4	0	112637	1	3	0	0	39	0	0	4	5501	0	83	0
			51	9	0	249473	95	3501	177	5527	75	0	0	26542	2	0	112658	1	3	1	0	27	0	0	2	5585	0	83	0
			0	1	0	249385	16	1	180	5520	75	0	0	26544	2	0	112667	0	9	0	0	52	0	0	3	5506	0	83	0
Alexander		Medina	2	3	14	251008	141	3501	178	5501	75	0	0	251008	1	0	112670	0	1	0	0	60	0	0	1	5523	0	83	2
			0	1	0	256336	16	1	181	5506	75	0	0	26541	2	3	112671	0	6	0	0	60	0	0	1	5566	0	83	0
Marcelo		Méndez	2	1	8	259338	297	2504	178	5509	75	0	0	259338	4	0	112678	1	3	0	0	60	0	0	4	5508	0	83	0
Leonardo		Madelón	51	9	0	249902	92	2	175	5526	75	0	0	249902	2	0	112689	0	9	0	0	52	0	0	2	5567	0	83	0
			0	9	0	270118	95	1	177	5527	75	0	0	26543	2	0	112695	1	3	1	0	54	0	0	2	5585	0	83	0
Mario		Sciacqua	51	9	0	250010	189	2515	179	5504	75	0	0	250010	3	0	112713	6	3	0	0	52	0	0	3	5523	0	83	0
			0	1	0	140065	16	1	178	5563	75	0	0	26544	2	0	112716	0	9	0	0	58	0	0	3	5578	0	83	0
			0	9	0	270131	95	2516	177	5527	75	0	0	26540	2	0	112783	1	3	1	0	54	0	0	2	5585	0	83	0
Ivo Ricardo	Ivo Vieira	Abreu Vieira	51	9	6	20633	188	1519	177	5550	76	0	0	20633	3	0	112809	0	3	0	0	38	0	0	3	5501	0	83	0
			0	3	0	30398	16	2004	188	5511	86	0	0	26540	2	3	112828	0	1	0	0	36	0	0	2	5510	0	85	2
			0	9	0	270133	95	4006	177	5527	75	0	0	26542	2	0	112836	1	3	1	0	54	0	0	2	5585	0	83	0
			0	1	8	259890	24	1532	177	5527	75	0	0	26541	4	3	112853	1	6	0	0	61	0	0	1	5552	0	83	0
			2	3	8	264047	43	1520	191	5545	75	0	0	26538	2	0	112885	0	2	1	0	95	0	0	1	5506	0	86	2
			2	2	0	249	40	25	180	5512	76	0	0	26540	2	3	112893	0	1	0	0	14	0	0	2	5512	0	82	1
			0	1	0	260165	16	1	181	5527	75	0	0	26540	2	3	112908	0	1	0	0	38	0	0	2	5569	0	83	0
			0	1	0	260096	16	1	173	5506	75	0	0	26541	2	3	112914	0	6	0	0	61	0	0	1	5522	0	89	0
			0	1	0	262515	16	1	170	5506	75	0	0	26540	2	3	112916	0	1	0	0	61	0	0	2	5522	0	89	0
Ranielle		Ribeiro	2	1	4	270042	192	2500	187	5541	75	0	0	26538	5	0	112961	0	3	0	0	54	0	0	5	5586	0	86	0
Gustavo		Coleoni	51	1	0	251249	150	2515	170	5521	75	0	0	251249	4	0	112965	1	3	0	0	52	0	0	4	5534	0	89	0
			0	1	0	249712	16	1	183	5527	75	0	0	26546	2	0	112978	0	9	0	0	167	0	0	3	5520	0	83	0
Moacir		Júnior	51	9	0	270035	148	2014	174	5541	72	0	0	26542	3	0	112985	0	3	0	0	54	0	0	3	5575	0	88	0
Luís	Luís Castro	Castro	2	3	6	270005	43	3516	189	5563	88	1	0	52241	2	2	115483	0	9	0	0	38	0	1	2	900012	0	89	2
			0	1	0	192944	16	1	177	5527	75	0	0	26538	2	0	112996	0	2	1	0	95	0	0	1	5520	0	83	0
Tony		Gustavsson	51	5	6	253212	10	1504	176	5513	75	0	0	253212	4	0	112998	0	1	1	0	46	0	0	4	5522	0	83	3
			0	1	0	63065	16	1	180	5500	75	0	0	26537	2	0	112999	0	1	1	0	14	0	0	1	5500	0	86	0
			101	2	0	259448	529	7008	160	5704	75	0	1	259448	3	0	113000	4	4	0	0	14	0	0	3	5704	0	89	0
Xiuquan	Jia Xiuquan	Jia	51	1	0	250696	111	549	182	5510	75	0	0	250696	4	0	113001	0	9	0	0	155	0	0	4	5523	0	83	0
Hege		Riise	151	7	0	260713	9	7501	162	5704	75	0	1	260713	3	0	113002	5	1	0	0	36	0	0	3	5703	0	89	4
			101	1	0	249155	9	5501	176	5706	75	0	1	249155	2	0	113003	4	2	0	0	18	0	0	2	5700	0	83	0
			151	2	0	250043	9	5501	167	5706	75	0	1	250043	1	0	113004	5	1	0	0	21	0	0	1	5700	0	89	1
Martin		Sjögren	51	2	6	250041	65	4005	184	5511	75	0	0	250041	1	0	113007	1	2	0	0	46	0	0	1	5522	0	83	1
Peter		Gerhardsson	51	9	8	250297	190	2024	180	5511	75	0	0	250297	1	0	113008	0	1	0	0	46	0	0	1	5522	0	83	1
			2	1	0	254114	181	1503	185	5511	75	0	0	26540	2	3	113009	6	1	0	0	19	0	0	2	5504	0	86	0
Mónica		Vergara	151	1	0	260615	536	7006	158	5700	75	0	1	260615	6	0	113010	4	3	1	0	83	0	0	6	5700	0	89	0
			0	1	0	264064	16	1	180	5511	75	0	0	26541	2	3	113011	0	6	0	0	14	0	0	1	5501	0	83	0
Jorge	Jorge Vilda	Vilda Rodríguez	2	9	4	249723	122	1526	177	5524	75	0	0	249723	2	0	113012	0	9	0	0	45	0	0	2	5523	0	83	0
Khalid		Jamil	51	1	8	256355	136	2505	175	5521	75	0	0	256355	7	0	113040	1	3	0	0	159	0	0	7	5522	0	83	0
Mozart		Santos	51	3	16	270022	0	34	182	5521	75	1	0	26547	2	0	113057	2	3	0	1	54	0	0	2	5534	0	83	0
Dado		Cavalcanti	51	1	8	270026	212	1533	183	5528	75	1	0	48940	1	2	113058	0	9	0	0	54	0	2	4	5554	0	83	0
Ricardo Antônio	Tuca Ferretti	Ferretti Oliveira	51	9	10	250379	637	1535	173	5558	75	0	0	250379	3	0	113134	1	3	1	0	54	0	0	3	5506	0	89	0
Çağdaş		Atan	2	1	0	257918	65	1514	187	5535	75	0	0	257918	5	0	113142	0	9	1	0	48	0	0	5	5500	0	86	0
			0	1	0	254933	16	1	178	5505	75	0	0	26541	2	3	113143	0	6	0	0	60	0	0	1	5508	0	83	0
Antonio	Antonio Habas	López Habas	51	1	5	254100	0	1533	170	5528	75	0	0	254100	2	0	113146	0	9	1	0	45	0	0	2	5523	0	89	0
			2	1	0	5740	0	1517	191	5500	91	0	0	26538	2	0	113149	6	2	0	0	34	0	0	1	5508	0	85	1
			0	1	0	249567	16	1	167	5535	75	0	0	26546	2	0	113157	0	9	1	0	163	0	0	3	5505	0	89	0
			0	1	0	249865	16	1	182	5511	75	0	0	26546	2	0	113160	0	9	0	0	163	0	0	3	5510	0	83	0
			0	9	0	270171	95	1524	177	5527	75	0	0	26547	2	0	113161	1	3	1	0	54	0	0	2	5585	0	83	0
			0	9	0	270139	95	1	177	5527	75	0	0	26540	2	0	113173	1	3	1	0	54	0	0	2	5585	0	83	0
Liviu		Ciobotariu	51	3	8	249918	189	32	188	5509	75	0	0	249918	2	0	113182	1	9	0	0	39	0	0	2	5566	0	86	0
			0	1	0	250605	16	1	172	5511	75	0	0	26546	2	0	113183	0	9	1	0	163	0	0	3	5526	0	89	0
			0	9	0	270130	95	2522	177	5527	75	0	0	26539	2	0	113186	1	3	1	0	54	0	0	2	5585	0	83	0
			0	1	0	261728	16	1	183	5526	75	0	0	26546	2	0	113197	0	9	0	0	163	0	0	3	5566	0	83	0
Matheus		Costa	2	1	4	270028	192	2500	187	5541	75	0	0	26547	5	0	113217	0	3	0	0	54	0	0	5	5565	0	86	0
Maurício	Barbieri	Barbieri	51	1	9	270194	105	1008	181	5563	83	1	0	13743	2	2	113222	0	9	0	0	54	0	1	4	5571	0	83	0
Kamil		Kiereś	51	5	0	249828	114	42	180	5532	75	0	0	249828	2	0	113257	6	1	0	0	37	0	0	2	5513	0	83	2
			51	9	10	250593	182	1506	178	5555	75	0	0	26542	3	0	113258	0	3	0	0	42	0	0	2	5504	0	83	1
Irfan		Buz	2	9	0	249606	72	32	175	5509	75	0	0	249606	3	0	113259	0	3	1	0	48	0	0	3	5503	0	83	0
Mariusz		Lewandowski	0	1	0	121627	25	2015	184	5510	84	0	0	121627	2	0	113286	2	3	0	0	37	0	0	2	5566	0	82	2
Dariusz		Banasik	2	5	0	262660	114	2024	178	5509	75	0	0	262660	2	0	113291	6	1	0	0	37	0	0	2	5523	0	83	1
Amir		Azrafshan	2	1	4	263803	204	3516	185	5511	75	0	0	263803	3	0	113295	1	9	0	0	46	0	0	3	5551	0	86	0
Marco		Pezzaiuoli	2	3	0	261039	195	25	180	5507	75	0	0	261039	4	0	113296	0	3	0	0	21	0	0	4	5508	0	83	0
Božidar		Bandović	51	3	16	263698	114	3516	184	5510	75	0	0	263698	2	0	113297	6	9	0	0	15	0	0	2	5522	0	83	0
Juan	Juan Ferrando	Ferrando Fenoll	2	3	6	256833	142	2024	187	5521	75	0	0	256833	2	0	113298	0	3	1	0	45	0	0	2	5522	0	86	0
Daire		Doyle	2	1	0	261747	65	2029	183	5510	75	0	0	261747	2	0	113299	0	8	0	0	25	0	0	2	5510	0	83	3
Sergio	Sergio Lobera	Lobera Rodríguez	51	1	16	254109	105	1529	175	5557	75	0	0	254109	2	0	113300	2	3	0	0	45	0	0	2	5521	0	83	0
Manuel	Manolo Márquez	Márquez Roca	51	9	4	249969	147	1533	175	5557	75	0	0	249969	2	0	113301	0	3	0	0	45	0	0	2	5523	0	83	0
Tim		Clancy	2	3	4	261289	65	1500	180	5511	75	0	0	261289	2	0	113302	0	3	0	0	25	0	0	2	5506	0	83	2
			51	9	0	249474	95	3501	177	5527	75	0	0	26542	2	0	326	1	3	1	0	27	0	0	2	5585	0	83	0
James		McPake	2	3	8	262518	642	2029	188	5509	75	0	0	262518	2	0	113313	0	1	0	0	35	0	0	2	5500	0	86	0
Robbie		Neilson	51	5	4	250353	8	3509	183	5529	75	0	0	250353	2	0	113314	0	1	0	0	42	0	0	2	5504	0	83	0
			0	9	0	270057	95	2512	177	5527	75	0	0	26537	2	0	113315	1	3	1	0	54	0	0	2	5585	0	83	0
			0	9	0	270058	95	1526	177	5527	75	0	0	26540	2	0	113318	1	3	1	0	54	0	0	2	5585	0	83	0
			0	9	0	270059	95	1	177	5527	75	0	0	26541	2	0	113319	1	3	1	0	54	0	0	2	5585	0	83	0
Adam		Majewski	2	3	0	263265	26	2506	175	5554	75	0	0	263265	2	0	113320	6	4	0	0	37	0	0	2	5554	0	83	1
Ilija		Borenovic	2	3	6	249600	231	2517	184	5511	75	0	0	249600	2	0	113321	0	2	0	0	51	0	0	2	5534	0	83	2
			0	9	0	270061	95	1	177	5527	75	0	0	26537	2	0	113322	1	3	1	0	54	0	0	2	5585	0	83	0
			0	9	0	270062	95	1	177	5527	75	0	0	26543	2	0	113323	1	3	1	0	54	0	0	2	5585	0	83	0
			0	9	0	270063	95	1	177	5527	75	0	0	26543	2	0	113324	1	3	1	0	54	0	0	2	5585	0	83	0
			0	9	0	270064	95	1	177	5527	75	0	0	26542	2	0	113325	1	3	1	0	54	0	0	2	5585	0	83	0
			0	9	0	270065	95	1	177	5527	75	0	0	26543	2	0	113326	1	3	1	0	54	0	0	2	5585	0	83	0
			0	9	0	270066	95	1	177	5527	75	0	0	26540	2	0	113332	1	3	1	0	54	0	0	2	5585	0	83	0
			0	9	0	270160	95	1	177	5527	75	0	0	26537	2	0	113333	1	3	1	0	54	0	0	2	5585	0	83	0
			0	9	0	270068	95	3516	177	5527	75	0	0	26542	2	0	113334	1	3	1	0	54	0	0	2	5585	0	83	0
			0	9	0	270174	95	2024	177	5527	75	0	0	26544	2	0	113335	1	3	1	0	54	0	0	2	5585	0	83	0
			0	9	0	270070	95	2029	177	5527	75	0	0	26538	2	0	113336	1	3	1	0	54	0	0	2	5585	0	83	0
Íñigo	Íñigo Vélez	Vélez Mendizabal	2	1	6	262612	292	26	193	5551	75	0	0	262612	2	0	113356	1	9	0	0	45	0	0	2	5551	0	86	0
Leo		Grozavu	51	9	17	254286	43	4006	186	5557	75	0	0	254286	2	0	113378	0	3	1	0	39	0	0	2	5522	0	86	1
			0	9	0	270071	95	1529	177	5527	75	0	0	26537	2	0	113380	1	3	1	0	54	0	0	2	5585	0	83	0
Emil		Săndoi	51	9	0	249309	291	2510	180	5511	75	0	0	249309	2	0	113387	6	8	0	0	39	0	0	2	5566	0	83	3
Ilie		Poenaru	2	3	4	251092	176	15	170	5527	75	0	0	251092	2	0	113391	1	2	0	0	39	0	0	2	5522	0	89	0
			51	6	0	249613	16	34	177	5547	75	0	0	26539	3	0	113394	0	1	0	0	7	0	0	2	5517	0	83	3
Daniel		Bäckström	0	5	14	260291	172	20	188	5511	75	0	0	260291	2	0	113458	0	3	0	0	46	0	0	2	5520	0	86	1
Christian		Michelsen	2	0	4	21441	37	37	180	5511	72	0	0	21441	2	0	113459	0	5	0	0	36	0	0	2	5506	0	83	1
			0	9	0	270072	95	1533	177	5527	75	0	0	26539	2	0	113561	1	3	1	0	54	0	0	2	5585	0	83	0
			0	9	0	270073	95	1500	177	5527	75	0	0	26540	2	0	113562	1	3	1	0	54	0	0	2	5585	0	83	0
			0	9	0	270074	95	3501	177	5527	75	0	0	26547	2	0	113563	1	3	1	0	54	0	0	2	5585	0	83	0
			0	9	0	270075	95	2029	177	5527	75	0	0	26542	2	0	113564	1	3	1	0	54	0	0	2	5585	0	83	0
			0	9	0	270162	95	3509	177	5527	75	0	0	26544	2	0	113565	1	3	1	0	54	0	0	2	5585	0	83	0
			0	9	0	270163	95	26	177	5527	75	0	0	26543	2	0	113566	1	3	1	0	54	0	0	2	5585	0	83	0
			0	9	0	270078	95	4006	177	5527	75	0	0	20633	2	0	113567	1	3	1	0	54	0	0	2	5585	0	83	0
			0	9	0	270079	95	2510	177	5527	75	0	0	26540	2	0	113568	1	3	1	0	54	0	0	2	5585	0	83	0
			0	9	0	270082	95	20	177	5527	75	0	0	26538	2	0	113572	1	3	1	0	54	0	0	2	5585	0	83	0
			51	9	8	270141	192	2009	180	5521	75	0	0	26537	4	0	113576	2	1	1	0	58	0	0	1	5534	0	83	0
			51	9	8	270142	192	2009	180	5521	75	0	0	26537	4	0	113577	2	1	1	0	58	0	0	1	5534	0	83	0
Pitso		Mosimane	51	6	6	250494	179	3510	173	5509	75	0	0	250494	3	0	113580	0	3	0	0	140	0	0	3	5500	0	89	3
			0	9	0	270084	95	27	177	5527	75	0	0	26540	2	0	113581	1	3	1	0	54	0	0	2	5585	0	83	0
			0	9	0	270164	95	7008	177	5527	75	0	0	26541	2	0	113593	1	3	1	0	54	0	0	2	5585	0	83	0
			0	9	0	270060	95	1	177	5527	75	0	0	26543	2	0	113594	1	3	1	0	54	0	0	2	5585	0	83	0
			0	9	0	270086	95	549	177	5527	75	0	0	26540	2	0	113654	1	3	1	0	54	0	0	2	5585	0	83	0
			0	9	0	270080	95	15	177	5527	75	0	0	26546	2	0	113655	1	3	1	0	54	0	0	2	5585	0	83	0
			0	9	0	270175	95	7501	177	5527	75	0	0	26538	2	0	113683	1	3	1	0	54	0	0	2	5585	0	83	0
			0	9	0	270088	95	5501	177	5527	75	0	0	26542	2	0	113684	1	3	1	0	54	0	0	2	5585	0	83	0
			0	9	0	270089	95	5501	177	5527	75	0	0	26542	2	0	113685	1	3	1	0	54	0	0	2	5585	0	83	0
			0	9	0	270090	95	4005	177	5527	75	0	0	26544	2	0	113686	1	3	1	0	54	0	0	2	5585	0	83	0
			0	9	0	270166	95	2024	177	5527	75	0	0	26542	2	0	113687	1	3	1	0	54	0	0	2	5585	0	83	0
			0	9	0	270092	95	1503	177	5527	75	0	0	26537	2	0	113688	1	3	1	0	54	0	0	2	5585	0	83	0
			0	9	0	270093	95	7006	177	5527	75	0	0	26540	2	0	113689	1	3	1	0	54	0	0	2	5585	0	83	0
			0	9	0	270094	95	1	177	5527	75	0	0	26541	2	0	113690	1	3	1	0	54	0	0	2	5585	0	83	0
			0	9	0	270095	95	1	177	5527	75	0	0	26543	2	0	113691	1	3	1	0	54	0	0	2	5585	0	83	0
Peter		Pacult	51	9	0	262605	47	1548	182	5511	75	0	0	262605	3	0	113692	0	3	0	0	4	0	0	3	5521	0	83	0
Andreas		Herzog	51	1	0	262317	636	25	183	5547	75	0	0	262317	1	0	113693	6	3	1	0	4	0	0	1	5517	0	83	0
Vinícius		Bergantin	51	4	4	270055	175	27	178	5590	75	0	0	27103	1	0	113696	2	1	1	0	54	0	0	1	5507	0	83	3
			0	9	0	270167	95	1	177	5527	75	0	0	26537	2	0	113700	1	3	1	0	54	0	0	2	5585	0	83	0
			0	1	0	259914	16	1	174	5530	75	0	0	26540	2	3	113723	0	1	0	0	57	0	0	2	5524	0	89	0
			0	9	0	260115	95	1	177	5527	75	0	0	26540	2	0	113743	1	3	1	0	54	0	0	2	5585	0	83	0
Damir		Canadi	51	9	0	249176	221	4006	170	5509	75	0	0	249176	2	0	113756	0	4	0	0	4	0	0	2	5567	0	89	3
			0	9	0	270097	95	1	177	5527	75	0	0	26543	2	0	113799	1	3	1	0	54	0	0	2	5585	0	83	0
			0	9	0	270098	95	1	177	5527	75	0	0	26543	2	0	113800	1	3	1	0	54	0	0	2	5585	0	83	0
			0	9	0	270099	95	1	177	5527	75	0	0	26542	2	0	113801	1	3	1	0	54	0	0	2	5585	0	83	0
Tobias		Solberg	2	3	4	260993	122	4000	181	5511	75	0	0	260993	1	0	113892	0	3	0	0	46	0	0	1	5567	0	83	2
			0	1	0	249449	16	1	183	5510	75	0	0	26543	2	0	113926	0	7	0	0	14	0	0	2	5507	0	83	0
Francisco		Diá	0	9	0	270100	95	1	177	5527	75	1	0	26543	2	0	113930	1	3	1	1	54	0	0	2	5585	0	83	0
			0	9	0	270101	95	1	177	5527	75	0	0	26540	2	0	113939	1	3	1	0	54	0	0	2	5585	0	83	0
Thiago		Motta	2	3	6	254126	65	1505	187	5558	75	0	0	254126	2	0	113974	0	3	0	0	27	0	0	2	5520	0	86	0
Juan Carlos	Carcedo	Carcedo Mardones	51	1	4	262304	37	2512	178	5510	75	0	0	262304	4	0	113981	0	4	0	0	45	0	0	4	5565	0	83	0
			2	1	4	263860	189	1526	179	5511	75	0	0	26543	4	0	113984	0	7	0	0	45	0	0	2	5507	0	83	0
			0	9	0	270102	95	1	177	5527	75	0	0	26537	2	0	114004	1	3	1	0	54	0	0	2	5585	0	83	0
			0	1	0	63068	16	1	180	5500	75	0	0	26537	2	0	114019	0	1	1	0	14	0	0	1	5500	0	86	0
Hélio		dos Anjos	51	9	0	270029	175	2007	184	5544	88	1	0	26546	4	0	114023	0	6	0	1	54	0	0	4	5566	0	82	0
Massimiliano 	Allegri	Allegri	51	1	16	250047	290	2008	183	5514	75	0	0	139720	1	2	114153	1	7	0	0	27	0	1	2	5514	0	83	0
			0	1	0	261965	16	1	173	5556	75	0	0	26541	2	3	114161	0	6	0	0	95	0	0	1	5504	0	89	0
			0	1	0	255011	16	1	175	5536	75	0	0	26538	2	0	114162	0	2	1	0	14	0	0	1	5518	0	83	0
Owen		Coyle	51	9	0	122621	16	2515	180	5511	71	0	0	122621	2	0	114168	0	6	1	0	25	0	0	2	5522	0	83	0
Marek		Papszun	51	1	8	250974	16	30	182	5555	75	0	0	250974	2	0	114326	1	2	1	0	37	0	0	2	5569	0	83	0
Marius		Șumudică	51	9	0	250013	114	2	179	5511	75	0	0	250013	2	0	114385	0	3	1	0	39	0	0	2	5510	0	83	0
Petr		Ruman	2	6	0	263078	155	1505	183	5508	75	0	0	263078	1	0	114398	2	5	0	0	12	0	0	1	5508	0	83	1
			0	1	0	254546	16	1	176	5506	75	0	0	26537	2	0	114511	0	1	1	0	59	0	0	1	5522	0	83	0
			51	9	0	265635	69	2508	178	5500	75	0	0	26540	4	3	114512	2	1	1	0	60	0	0	2	5567	0	83	0
Jordi	Jordi Condom	Condom Aulí	2	5	4	249714	181	11	178	5558	75	0	0	249714	3	0	114520	0	3	0	0	45	0	0	3	5524	0	83	2
			0	9	0	270103	95	1	177	5527	75	0	0	26542	2	0	114521	1	3	1	0	54	0	0	2	5585	0	83	0
Peter		Maes	51	4	0	250301	292	2515	188	5557	75	0	0	250301	2	0	114526	0	1	1	0	7	0	0	2	5505	0	86	1
			0	1	0	255165	16	1	183	5510	75	0	0	26540	2	3	114575	0	1	0	0	58	0	0	2	5508	0	83	0
			0	1	0	263978	16	1	175	5511	75	0	0	26541	2	3	114577	0	6	0	0	58	0	0	1	5506	0	83	0
			0	1	0	253757	16	1	170	5521	75	0	0	26543	2	0	114578	0	7	0	0	57	0	0	2	5508	0	89	0
			51	1	0	249818	42	29	180	5553	75	0	0	26543	4	0	114579	0	7	0	0	53	0	0	2	5522	0	83	0
			51	1	0	249508	154	2517	174	5530	75	0	0	26543	4	0	114580	1	7	0	0	60	0	0	2	5523	0	89	0
			51	1	8	265532	0	30	178	5511	75	0	0	26538	4	0	114581	0	2	1	0	52	0	0	1	5520	0	83	2
			0	1	0	260457	16	1	178	5527	75	0	0	26537	2	0	114600	0	1	0	0	52	0	0	1	5520	0	83	0
Allan Rodrigo		Aal	51	6	4	270034	37	2004	181	5511	80	1	0	26543	2	0	114604	0	5	0	1	54	0	0	4	5572	0	82	2
			0	9	0	270104	95	1	177	5527	75	0	0	26544	2	0	114605	1	3	1	0	54	0	0	2	5585	0	83	0
			0	1	0	262035	16	1	177	5551	75	0	0	26543	2	0	114611	0	7	0	0	52	0	0	2	5551	0	83	0
			2	1	0	267972	114	1500	180	5511	75	0	0	26541	6	3	114615	1	6	0	0	57	0	0	1	5520	0	83	0
			0	1	0	263806	16	1	180	5535	75	0	0	26542	2	0	114617	0	3	0	0	60	0	0	2	5501	0	83	0
			0	1	0	259768	16	1	175	5510	75	0	0	26543	2	0	114619	0	7	0	0	60	0	0	2	5534	0	83	0
			0	1	0	259684	16	1	183	5552	75	0	0	26540	2	3	114688	0	1	0	0	58	0	0	2	5566	0	83	0
			0	1	0	63073	16	1	180	5500	75	0	0	26537	2	0	114815	0	1	1	0	14	0	0	1	5500	0	86	0
			0	9	0	270105	95	1533	177	5527	75	0	0	26538	2	0	114839	1	3	1	0	54	0	0	2	5585	0	83	0
Péricles	Péricles	Oliveira Chamusca	51	9	0	250288	292	528	180	5536	75	0	0	250288	5	0	114840	0	9	0	0	54	0	0	5	5575	0	83	0
			0	9	0	270106	95	1518	177	5527	75	0	0	26537	2	0	114841	1	3	1	0	54	0	0	2	5585	0	83	0
			0	9	0	270107	95	2522	177	5527	75	0	0	26539	2	0	114842	1	3	1	0	54	0	0	2	5585	0	83	0
			2	3	0	263753	167	556	180	5520	75	0	0	26546	4	0	114843	1	9	0	0	155	0	0	3	5526	0	83	2
			0	1	0	250691	16	1	178	5520	75	0	0	26546	2	0	114844	0	9	0	0	167	0	0	3	5506	0	83	0
Lars		Friis	51	0	6	262461	234	17	180	5527	75	0	0	262461	2	0	114845	0	1	1	0	13	0	0	2	5510	0	83	1
Michael		Boris	2	6	6	262750	65	22	182	5510	75	0	0	262750	1	0	114846	1	3	1	0	21	0	0	1	5522	0	83	3
			51	9	8	270143	192	2009	180	5521	75	0	0	26537	4	0	114847	2	1	1	0	58	0	0	1	5534	0	83	0
			51	9	8	270144	192	2009	180	5521	75	0	0	26537	4	0	114848	2	1	1	0	58	0	0	1	5534	0	83	0
Jim		Goodwin	2	9	15	251865	65	3500	183	5511	75	0	0	251865	2	0	114897	0	2	0	0	25	0	0	2	5506	0	83	2
Beñat		San José	2	3	0	249047	174	30	180	5529	75	0	0	249047	2	0	114899	2	3	0	0	45	0	0	2	5501	0	83	0
			0	1	0	232425	16	1	174	5529	75	0	0	26544	2	0	114912	0	9	0	0	38	0	0	3	5514	0	89	0
David		Martindale	2	5	6	259759	0	2007	180	5511	75	0	0	259759	2	0	115220	2	2	1	0	42	0	0	2	5510	0	83	1
Keith		Long	51	12	6	3362	65	1532	180	5511	70	0	0	3362	3	0	115221	0	1	0	0	25	0	0	3	5506	0	83	3
Stephen		Bradley	2	3	8	169187	77	1520	170	5511	63	0	0	169187	2	0	115237	1	2	1	0	25	0	0	2	5510	0	88	2
Stephen		O'Donnell	2	12	8	253115	43	33	177	5509	75	0	0	253115	2	0	115238	6	8	1	0	25	0	0	2	5504	0	83	4
Ruaidhrí		Higgins	2	6	4	262052	160	34	178	5510	75	0	0	262052	2	0	115239	0	1	0	0	35	0	0	2	5510	0	83	3
			0	1	0	260117	16	1	173	5547	75	0	0	26546	2	0	115245	0	9	0	0	163	0	0	3	5517	0	89	0
			0	1	0	257381	16	1	180	5555	75	0	0	26543	2	0	115246	0	7	0	0	45	0	0	2	5567	0	83	0
			0	1	0	254521	16	1	175	5511	75	0	0	26546	2	0	115247	0	9	0	0	163	0	0	3	5510	0	83	0
			0	1	0	260526	16	1	172	5563	75	0	0	26546	2	0	115260	0	9	0	0	163	0	0	3	5523	0	89	0
Dag-Eilev		Fagermo	51	9	0	249172	92	2007	187	5511	75	0	0	249172	2	0	115261	0	3	1	0	36	0	0	2	5510	0	86	1
			0	1	0	261635	16	1	173	5555	75	0	0	26538	2	0	115358	0	2	0	0	54	0	0	1	5566	0	89	0
			0	9	0	270108	95	2516	177	5527	75	0	0	26540	2	0	115366	1	3	1	0	54	0	0	2	5585	0	83	0
			0	9	0	270109	95	1524	177	5527	75	0	0	26547	2	0	115481	1	3	1	0	54	0	0	2	5585	0	83	0
			0	9	0	270110	95	4006	177	5527	75	0	0	26542	2	0	115482	1	3	1	0	54	0	0	2	5585	0	83	0
Fernando	Fernando Diniz	Diniz	0	1	0	270111	16	1	180	5551	75	1	0	7289	2	2	1370	0	1	1	0	54	0	2	3	900006	0	86	0
Gaute Ugelstad		Helstrup	51	9	6	261271	227	3500	175	5511	75	0	0	261271	1	0	115484	0	1	0	0	36	0	0	1	5510	0	83	0
			0	9	0	270081	95	34	177	5527	75	0	0	26541	2	0	115485	1	3	1	0	54	0	0	2	5585	0	83	0
			0	1	0	63075	16	1	180	5500	75	0	0	26537	2	0	115486	0	1	1	0	14	0	0	1	5500	0	86	0
			51	1	0	265510	46	1545	170	5551	75	0	0	26545	8	2	115487	1	9	0	0	57	0	0	8	5522	0	89	0
			0	9	0	270168	95	3501	177	5527	75	0	0	26543	2	0	115496	1	3	1	0	54	0	0	2	5585	0	83	0
			2	1	0	264720	161	3516	183	5509	75	0	0	26541	4	3	115517	0	6	0	0	53	0	0	1	5507	0	83	0
Antônio	Antônio Oliveira	Oliveira	0	1	0	271338	16	1	180	5506	75	1	0	37576	2	2	115530	0	1	1	0	54	0	2	3	900017	0	86	0
			0	1	0	261735	16	1	185	5511	75	0	0	26540	2	3	115535	0	1	0	0	60	0	0	2	5506	0	86	0
			0	1	0	254291	16	1	175	5513	75	0	0	26547	2	0	115536	0	3	1	0	60	0	0	8	5534	0	83	0
Francisco	Francisco Neto	Conceição Neto	2	1	0	261966	75	1535	180	5547	75	0	0	261966	4	0	115682	0	9	0	0	38	0	0	4	5518	0	83	0
			51	9	0	265678	95	2000	174	5509	75	0	0	26537	4	0	115694	6	1	1	0	61	0	0	1	5520	0	89	0
			0	9	0	270113	95	1	177	5527	75	0	0	20633	2	0	115704	1	3	1	0	54	0	0	2	5585	0	83	0
			0	9	0	270114	95	1	177	5527	75	0	0	26540	2	0	115716	1	3	1	0	54	0	0	2	5585	0	83	0
Benedetto		Muzzicato	2	5	15	262983	180	2	182	5509	75	0	0	262983	3	0	115820	6	1	0	0	21	0	0	3	5521	0	83	3
			0	1	0	250065	16	1	189	5547	75	0	0	26544	2	0	115841	0	9	0	0	54	0	0	3	5520	0	86	0
			0	9	0	270159	95	1505	177	5527	75	0	0	26542	2	0	115845	1	3	1	0	54	0	0	2	5585	0	83	0
Bjarte Lunde		Aarsheim	2	3	8	249057	151	2014	177	5511	75	0	0	249057	1	0	115912	0	3	0	0	36	0	0	1	5510	0	83	0
Geir		Bakke	51	9	6	249457	26	2029	170	5511	75	0	0	249457	1	0	115961	6	2	0	0	36	0	0	1	5510	0	89	1
Joakim		Persson	51	1	8	254249	162	32	179	5511	75	0	0	254249	1	0	115980	0	3	1	0	46	0	0	1	5506	0	83	0
			51	9	8	265825	192	2009	180	5521	75	0	0	26537	4	0	116007	2	1	1	0	58	0	0	1	5534	0	83	0
			51	9	8	270145	192	2009	180	5521	75	0	0	26537	4	0	116028	2	1	1	0	58	0	0	1	5534	0	83	0
			0	0	0	1	0	0	130	0	30	0	0	0	1	0	0	0	1	0	0	0	0	0	1	0	0	1	0
			0	0	0	1	0	0	130	0	30	0	0	0	1	0	0	0	1	0	0	0	0	0	1	0	0	1	0
			0	0	0	1	0	0	130	0	30	0	0	0	1	0	0	0	1	0	0	0	0	0	1	0	0	1	0
			0	0	0	1	0	0	130	0	30	0	0	0	1	0	0	0	1	0	0	0	0	0	1	0	0	1	0
			0	0	0	1	0	0	130	0	30	0	0	0	1	0	0	0	1	0	0	0	0	0	1	0	0	1	0
			0	0	0	1	0	0	130	0	30	0	0	0	1	0	0	0	1	0	0	0	0	0	1	0	0	1	0
			0	0	0	1	0	0	130	0	30	0	0	0	1	0	0	0	1	0	0	0	0	0	1	0	0	1	0
			0	0	0	1	0	0	130	0	30	0	0	0	1	0	0	0	1	0	0	0	0	0	1	0	0	1	0
			0	0	0	1	0	0	130	0	30	0	0	0	1	0	0	0	1	0	0	0	0	0	1	0	0	1	0
			0	0	0	1	0	0	130	0	30	0	0	0	1	0	0	0	1	0	0	0	0	0	1	0	0	1	0
			0	0	0	1	0	0	130	0	30	0	0	0	1	0	0	0	1	0	0	0	0	0	1	0	0	1	0
			0	0	0	1	0	0	130	0	30	0	0	0	1	0	0	0	1	0	0	0	0	0	1	0	0	1	0
			0	0	0	1	0	0	130	0	30	0	0	0	1	0	0	0	1	0	0	0	0	0	1	0	0	1	0
			0	0	0	1	0	0	130	0	30	0	0	0	1	0	0	0	1	0	0	0	0	0	1	0	0	1	0
			0	0	0	1	0	0	130	0	30	0	0	0	1	0	0	0	1	0	0	0	0	0	1	0	0	1	0
			0	0	0	1	0	0	130	0	30	0	0	0	1	0	0	0	1	0	0	0	0	0	1	0	0	1	0
			0	0	0	1	0	0	130	0	30	0	0	0	1	0	0	0	1	0	0	0	0	0	1	0	0	1	0
			0	0	0	1	0	0	130	0	30	0	0	0	1	0	0	0	1	0	0	0	0	0	1	0	0	1	0
			0	0	0	1	0	0	130	0	30	0	0	0	1	0	0	0	1	0	0	0	0	0	1	0	0	1	0
			0	0	0	1	0	0	130	0	30	0	0	0	1	0	0	0	1	0	0	0	0	0	1	0	0	1	0
			0	0	0	1	0	0	130	0	30	0	0	0	1	0	0	0	1	0	0	0	0	0	1	0	0	1	0
			0	0	0	1	0	0	130	0	30	0	0	0	1	0	0	0	1	0	0	0	0	0	1	0	0	1	0
			0	0	0	1	0	0	130	0	30	0	0	0	1	0	0	0	1	0	0	0	0	0	1	0	0	1	0
			0	0	0	1	0	0	130	0	30	0	0	0	1	0	0	0	1	0	0	0	0	0	1	0	0	1	0
			0	0	0	1	0	0	130	0	30	0	0	0	1	0	0	0	1	0	0	0	0	0	1	0	0	1	0
			0	0	0	1	0	0	130	0	30	0	0	0	1	0	0	0	1	0	0	0	0	0	1	0	0	1	0
			0	0	0	1	0	0	130	0	30	0	0	0	1	0	0	0	1	0	0	0	0	0	1	0	0	1	0
			0	0	0	1	0	0	130	0	30	0	0	0	1	0	0	0	1	0	0	0	0	0	1	0	0	1	0
			0	0	0	1	0	0	130	0	30	0	0	0	1	0	0	0	1	0	0	0	0	0	1	0	0	1	0
			0	0	0	1	0	0	130	0	30	0	0	0	1	0	0	0	1	0	0	0	0	0	1	0	0	1	0
			0	0	0	1	0	0	130	0	30	0	0	0	1	0	0	0	1	0	0	0	0	0	1	0	0	1	0
			0	0	0	1	0	0	130	0	30	0	0	0	1	0	0	0	1	0	0	0	0	0	1	0	0	1	0
			0	0	0	1	0	0	130	0	30	0	0	0	1	0	0	0	1	0	0	0	0	0	1	0	0	1	0
			0	0	0	1	0	0	130	0	30	0	0	0	1	0	0	0	1	0	0	0	0	0	1	0	0	1	0
			0	0	0	1	0	0	130	0	30	0	0	0	1	0	0	0	1	0	0	0	0	0	1	0	0	1	0
			0	0	0	1	0	0	130	0	30	0	0	0	1	0	0	0	1	0	0	0	0	0	1	0	0	1	0
			0	0	0	1	0	0	130	0	30	0	0	0	1	0	0	0	1	0	0	0	0	0	1	0	0	1	0
			0	0	0	1	0	0	130	0	30	0	0	0	1	0	0	0	1	0	0	0	0	0	1	0	0	1	0
			0	0	0	1	0	0	130	0	30	0	0	0	1	0	0	0	1	0	0	0	0	0	1	0	0	1	0
			0	0	0	1	0	0	130	0	30	0	0	0	1	0	0	0	1	0	0	0	0	0	1	0	0	1	0
			0	0	0	1	0	0	130	0	30	0	0	0	1	0	0	0	1	0	0	0	0	0	1	0	0	1	0
			0	0	0	1	0	0	130	0	30	0	0	0	1	0	0	0	1	0	0	0	0	0	1	0	0	1	0
			0	0	0	1	0	0	130	0	30	0	0	0	1	0	0	0	1	0	0	0	0	0	1	0	0	1	0
			0	0	0	1	0	0	130	0	30	0	0	0	1	0	0	0	1	0	0	0	0	0	1	0	0	1	0
			0	0	0	1	0	0	130	0	30	0	0	0	1	0	0	0	1	0	0	0	0	0	1	0	0	1	0
			0	0	0	1	0	0	130	0	30	0	0	0	1	0	0	0	1	0	0	0	0	0	1	0	0	1	0
			0	0	0	1	0	0	130	0	30	0	0	0	1	0	0	0	1	0	0	0	0	0	1	0	0	1	0
			0	0	0	1	0	0	130	0	30	0	0	0	1	0	0	0	1	0	0	0	0	0	1	0	0	1	0
			0	0	0	1	0	0	130	0	30	0	0	0	1	0	0	0	1	0	0	0	0	0	1	0	0	1	0
			0	0	0	1	0	0	130	0	30	0	0	0	1	0	0	0	1	0	0	0	0	0	1	0	0	1	0
			0	0	0	1	0	0	130	0	30	0	0	0	1	0	0	0	1	0	0	0	0	0	1	0	0	1	0
			0	0	0	1	0	0	130	0	30	0	0	0	1	0	0	0	1	0	0	0	0	0	1	0	0	1	0
			0	0	0	1	0	0	130	0	30	0	0	0	1	0	0	0	1	0	0	0	0	0	1	0	0	1	0
			0	0	0	1	0	0	130	0	30	0	0	0	1	0	0	0	1	0	0	0	0	0	1	0	0	1	0
			0	0	0	1	0	0	130	0	30	0	0	0	1	0	0	0	1	0	0	0	0	0	1	0	0	1	0
			0	0	0	1	0	0	130	0	30	0	0	0	1	0	0	0	1	0	0	0	0	0	1	0	0	1	0
			0	0	0	1	0	0	130	0	30	0	0	0	1	0	0	0	1	0	0	0	0	0	1	0	0	1	0
			0	0	0	1	0	0	130	0	30	0	0	0	1	0	0	0	1	0	0	0	0	0	1	0	0	1	0
			0	0	0	1	0	0	130	0	30	0	0	0	1	0	0	0	1	0	0	0	0	0	1	0	0	1	0
			0	0	0	1	0	0	130	0	30	0	0	0	1	0	0	0	1	0	0	0	0	0	1	0	0	1	0
			0	0	0	1	0	0	130	0	30	0	0	0	1	0	0	0	1	0	0	0	0	0	1	0	0	1	0
			0	0	0	1	0	0	130	0	30	0	0	0	1	0	0	0	1	0	0	0	0	0	1	0	0	1	0
			0	0	0	1	0	0	130	0	30	0	0	0	1	0	0	0	1	0	0	0	0	0	1	0	0	1	0
			0	0	0	1	0	0	130	0	30	0	0	0	1	0	0	0	1	0	0	0	0	0	1	0	0	1	0
			0	0	0	1	0	0	130	0	30	0	0	0	1	0	0	0	1	0	0	0	0	0	1	0	0	1	0
			0	0	0	1	0	0	130	0	30	0	0	0	1	0	0	0	1	0	0	0	0	0	1	0	0	1	0
			0	0	0	1	0	0	130	0	30	0	0	0	1	0	0	0	1	0	0	0	0	0	1	0	0	1	0
			0	0	0	1	0	0	130	0	30	0	0	0	1	0	0	0	1	0	0	0	0	0	1	0	0	1	0
			0	0	0	1	0	0	130	0	30	0	0	0	1	0	0	0	1	0	0	0	0	0	1	0	0	1	0
			0	0	0	1	0	0	130	0	30	0	0	0	1	0	0	0	1	0	0	0	0	0	1	0	0	1	0
			0	0	0	1	0	0	130	0	30	0	0	0	1	0	0	0	1	0	0	0	0	0	1	0	0	1	0
			0	0	0	1	0	0	130	0	30	0	0	0	1	0	0	0	1	0	0	0	0	0	1	0	0	1	0
			0	0	0	1	0	0	130	0	30	0	0	0	1	0	0	0	1	0	0	0	0	0	1	0	0	1	0
			0	0	0	1	0	0	130	0	30	0	0	0	1	0	0	0	1	0	0	0	0	0	1	0	0	1	0
			0	0	0	1	0	0	130	0	30	0	0	0	1	0	0	0	1	0	0	0	0	0	1	0	0	1	0
			0	0	0	1	0	0	130	0	30	0	0	0	1	0	0	0	1	0	0	0	0	0	1	0	0	1	0
			0	0	0	1	0	0	130	0	30	0	0	0	1	0	0	0	1	0	0	0	0	0	1	0	0	1	0
			0	0	0	1	0	0	130	0	30	0	0	0	1	0	0	0	1	0	0	0	0	0	1	0	0	1	0
			0	0	0	1	0	0	130	0	30	0	0	0	1	0	0	0	1	0	0	0	0	0	1	0	0	1	0
			0	0	0	1	0	0	130	0	30	0	0	0	1	0	0	0	1	0	0	0	0	0	1	0	0	1	0
			0	0	0	1	0	0	130	0	30	0	0	0	1	0	0	0	1	0	0	0	0	0	1	0	0	1	0
			0	0	0	1	0	0	130	0	30	0	0	0	1	0	0	0	1	0	0	0	0	0	1	0	0	1	0
			0	0	0	1	0	0	130	0	30	0	0	0	1	0	0	0	1	0	0	0	0	0	1	0	0	1	0
			0	0	0	1	0	0	130	0	30	0	0	0	1	0	0	0	1	0	0	0	0	0	1	0	0	1	0
			0	0	0	1	0	0	130	0	30	0	0	0	1	0	0	0	1	0	0	0	0	0	1	0	0	1	0
			0	0	0	1	0	0	130	0	30	0	0	0	1	0	0	0	1	0	0	0	0	0	1	0	0	1	0
			0	0	0	1	0	0	130	0	30	0	0	0	1	0	0	0	1	0	0	0	0	0	1	0	0	1	0
			0	0	0	1	0	0	130	0	30	0	0	0	1	0	0	0	1	0	0	0	0	0	1	0	0	1	0
			0	0	0	1	0	0	130	0	30	0	0	0	1	0	0	0	1	0	0	0	0	0	1	0	0	1	0
			0	0	0	1	0	0	130	0	30	0	0	0	1	0	0	0	1	0	0	0	0	0	1	0	0	1	0
			0	0	0	1	0	0	130	0	30	0	0	0	1	0	0	0	1	0	0	0	0	0	1	0	0	1	0
			0	0	0	1	0	0	130	0	30	0	0	0	1	0	0	0	1	0	0	0	0	0	1	0	0	1	0
			0	0	0	1	0	0	130	0	30	0	0	0	1	0	0	0	1	0	0	0	0	0	1	0	0	1	0
			0	0	0	1	0	0	130	0	30	0	0	0	1	0	0	0	1	0	0	0	0	0	1	0	0	1	0
			0	0	0	1	0	0	130	0	30	0	0	0	1	0	0	0	1	0	0	0	0	0	1	0	0	1	0
			0	0	0	1	0	0	130	0	30	0	0	0	1	0	0	0	1	0	0	0	0	0	1	0	0	1	0
			0	0	0	1	0	0	130	0	30	0	0	0	1	0	0	0	1	0	0	0	0	0	1	0	0	1	0
			0	0	0	1	0	0	130	0	30	0	0	0	1	0	0	0	1	0	0	0	0	0	1	0	0	1	0
			0	0	0	1	0	0	130	0	30	0	0	0	1	0	0	0	1	0	0	0	0	0	1	0	0	1	0
			0	0	0	1	0	0	130	0	30	0	0	0	1	0	0	0	1	0	0	0	0	0	1	0	0	1	0
			0	0	0	1	0	0	130	0	30	0	0	0	1	0	0	0	1	0	0	0	0	0	1	0	0	1	0
			0	0	0	1	0	0	130	0	30	0	0	0	1	0	0	0	1	0	0	0	0	0	1	0	0	1	0
			0	0	0	1	0	0	130	0	30	0	0	0	1	0	0	0	1	0	0	0	0	0	1	0	0	1	0
			0	0	0	1	0	0	130	0	30	0	0	0	1	0	0	0	1	0	0	0	0	0	1	0	0	1	0
			0	0	0	1	0	0	130	0	30	0	0	0	1	0	0	0	1	0	0	0	0	0	1	0	0	1	0
			0	0	0	1	0	0	130	0	30	0	0	0	1	0	0	0	1	0	0	0	0	0	1	0	0	1	0
			0	0	0	1	0	0	130	0	30	0	0	0	1	0	0	0	1	0	0	0	0	0	1	0	0	1	0
			0	0	0	1	0	0	130	0	30	0	0	0	1	0	0	0	1	0	0	0	0	0	1	0	0	1	0
			0	0	0	1	0	0	130	0	30	0	0	0	1	0	0	0	1	0	0	0	0	0	1	0	0	1	0
			0	0	0	1	0	0	130	0	30	0	0	0	1	0	0	0	1	0	0	0	0	0	1	0	0	1	0
			0	0	0	1	0	0	130	0	30	0	0	0	1	0	0	0	1	0	0	0	0	0	1	0	0	1	0
			0	0	0	1	0	0	130	0	30	0	0	0	1	0	0	0	1	0	0	0	0	0	1	0	0	1	0
			0	0	0	1	0	0	130	0	30	0	0	0	1	0	0	0	1	0	0	0	0	0	1	0	0	1	0
			0	0	0	1	0	0	130	0	30	0	0	0	1	0	0	0	1	0	0	0	0	0	1	0	0	1	0
			0	0	0	1	0	0	130	0	30	0	0	0	1	0	0	0	1	0	0	0	0	0	1	0	0	1	0
			0	0	0	1	0	0	130	0	30	0	0	0	1	0	0	0	1	0	0	0	0	0	1	0	0	1	0
			0	0	0	1	0	0	130	0	30	0	0	0	1	0	0	0	1	0	0	0	0	0	1	0	0	1	0
			0	0	0	1	0	0	130	0	30	0	0	0	1	0	0	0	1	0	0	0	0	0	1	0	0	1	0
			0	0	0	1	0	0	130	0	30	0	0	0	1	0	0	0	1	0	0	0	0	0	1	0	0	1	0
			0	0	0	1	0	0	130	0	30	0	0	0	1	0	0	0	1	0	0	0	0	0	1	0	0	1	0
			0	0	0	1	0	0	130	0	30	0	0	0	1	0	0	0	1	0	0	0	0	0	1	0	0	1	0
			0	0	0	1	0	0	130	0	30	0	0	0	1	0	0	0	1	0	0	0	0	0	1	0	0	1	0
			0	0	0	1	0	0	130	0	30	0	0	0	1	0	0	0	1	0	0	0	0	0	1	0	0	1	0
			0	0	0	1	0	0	130	0	30	0	0	0	1	0	0	0	1	0	0	0	0	0	1	0	0	1	0
			0	0	0	1	0	0	130	0	30	0	0	0	1	0	0	0	1	0	0	0	0	0	1	0	0	1	0
			0	0	0	1	0	0	130	0	30	0	0	0	1	0	0	0	1	0	0	0	0	0	1	0	0	1	0
			0	0	0	1	0	0	130	0	30	0	0	0	1	0	0	0	1	0	0	0	0	0	1	0	0	1	0
			0	0	0	1	0	0	130	0	30	0	0	0	1	0	0	0	1	0	0	0	0	0	1	0	0	1	0
			0	0	0	1	0	0	130	0	30	0	0	0	1	0	0	0	1	0	0	0	0	0	1	0	0	1	0
			0	0	0	1	0	0	130	0	30	0	0	0	1	0	0	0	1	0	0	0	0	0	1	0	0	1	0
			0	0	0	1	0	0	130	0	30	0	0	0	1	0	0	0	1	0	0	0	0	0	1	0	0	1	0
			0	0	0	1	0	0	130	0	30	0	0	0	1	0	0	0	1	0	0	0	0	0	1	0	0	1	0
			0	0	0	1	0	0	130	0	30	0	0	0	1	0	0	0	1	0	0	0	0	0	1	0	0	1	0
			0	0	0	1	0	0	130	0	30	0	0	0	1	0	0	0	1	0	0	0	0	0	1	0	0	1	0
			0	0	0	1	0	0	130	0	30	0	0	0	1	0	0	0	1	0	0	0	0	0	1	0	0	1	0
			0	0	0	1	0	0	130	0	30	0	0	0	1	0	0	0	1	0	0	0	0	0	1	0	0	1	0
